1	1	2	5
1	2
1	3	4	5	6	2
1	3	4	5	9	8	6	2
1	3	4	11	10	16	8	6	2
1	3	12	11	4	5	6	2
2	1	3	5
1	3
1	2	6	5	4	3
1	2	6	5	4	11	12	3
1	2	6	8	16	10	11	4	3
1	2	6	8	9	5	4	3
3	1	4	5
1	3	4
1	2	6	5	4
1	3	12	11	4
1	2	6	8	16	10	11	4
1	2	6	8	9	5	4
4	1	5	5
1	3	4	5
1	2	6	5
1	3	4	11	10	9	5
1	3	12	11	4	5
1	2	6	8	9	5
5	1	6	5
1	2	6
1	3	4	5	6
1	3	4	5	9	8	6
1	3	4	11	10	16	8	6
1	3	12	11	4	5	6
6	1	7	10
1	2	6	8	7
1	2	6	8	16	18	7
1	3	4	5	9	10	16	18	7
1	3	4	5	6	8	7
1	3	4	5	9	8	7
1	3	12	13	24	21	20	18	7
1	3	4	5	6	8	16	18	7
1	3	4	11	10	16	18	7
1	3	12	11	10	16	18	7
1	2	6	5	9	10	16	18	7
7	1	8	7
1	2	6	8
1	3	4	5	9	8
1	3	4	5	6	8
1	3	4	5	9	10	16	8
1	3	4	11	10	16	8
1	3	12	11	10	16	8
1	2	6	5	9	8
8	1	9	5
1	3	4	5	9
1	3	4	11	10	9
1	2	6	5	9
1	2	6	8	9
1	3	12	11	10	9
9	1	10	5
1	3	4	5	9	10
1	3	4	11	10
1	3	12	11	10
1	2	6	8	16	10
1	2	6	5	9	10
10	1	11	5
1	3	4	11
1	3	12	11
1	2	6	5	4	11
1	3	4	5	9	10	11
1	2	6	8	16	10	11
11	1	12	7
1	3	12
1	3	4	11	12
1	2	6	5	4	3	12
1	3	4	11	14	23	24	13	12
1	3	4	5	9	10	11	12
1	2	6	5	4	11	12
1	2	6	8	16	10	11	12
12	1	13	8
1	3	12	13
1	3	4	11	14	23	24	13
1	3	4	11	12	13
1	2	6	5	4	3	12	13
1	2	6	8	7	18	20	21	24	13
1	3	12	11	14	23	24	13
1	3	4	5	9	10	11	12	13
1	2	6	5	4	11	12	13
13	1	14	8
1	3	4	11	14
1	3	12	13	24	23	14
1	3	12	11	14
1	2	6	5	4	11	14
1	3	12	13	24	21	22	15	14
1	3	4	5	9	10	15	14
1	3	4	5	9	10	11	14
1	2	6	8	16	17	19	15	14
14	1	15	8
1	3	4	11	14	15
1	3	12	13	24	21	22	15
1	3	12	11	14	15
1	2	6	8	16	17	19	15
1	3	4	5	9	10	15
1	2	6	8	16	10	15
1	2	6	8	7	18	16	17	19	15
1	2	6	5	9	10	15
15	1	16	8
1	2	6	8	16
1	2	6	8	7	18	16
1	3	4	5	9	10	16
1	3	4	5	6	8	16
1	3	4	5	9	10	17	16
1	3	4	11	10	16
1	3	12	11	10	16
1	2	6	5	9	10	16
16	1	17	12
1	2	6	8	16	17
1	3	4	5	9	10	17
1	2	6	8	7	18	16	17
1	3	4	5	9	10	16	17
1	3	4	5	6	8	16	17
1	3	4	11	14	15	19	17
1	3	4	11	10	17
1	3	4	11	10	16	17
1	3	12	11	10	17
1	3	12	11	10	16	17
1	2	6	8	7	18	20	19	17
1	2	6	5	9	10	16	17
17	1	18	9
1	2	6	8	7	18
1	2	6	8	16	18
1	3	4	5	9	10	16	18
1	3	4	5	6	8	7	18
1	3	12	13	24	21	20	18
1	3	4	5	6	8	16	18
1	3	4	11	10	16	18
1	3	12	11	10	16	18
1	2	6	5	9	10	16	18
18	1	19	8
1	2	6	8	16	17	19
1	3	4	11	14	15	19
1	2	6	8	7	18	16	17	19
1	3	4	5	6	8	16	17	19
1	2	6	8	7	18	20	19
1	3	4	5	9	10	16	17	19
1	3	12	11	14	15	19
1	2	6	5	9	10	16	17	19
19	1	20	9
1	2	6	8	7	18	20
1	3	12	13	24	21	20
1	3	12	13	24	21	22	20
1	2	6	8	16	18	20
1	2	6	8	16	17	19	20
1	3	12	13	24	23	22	20
1	3	4	5	6	8	7	18	20
1	3	4	5	9	10	16	18	20
1	2	6	5	9	10	16	18	20
20	1	21	8
1	3	12	13	24	21
1	3	12	13	24	23	22	21
1	3	4	11	14	23	24	21
1	2	6	8	7	18	20	21
1	3	12	11	14	23	24	21
1	2	6	8	7	18	20	22	21
1	2	6	8	16	17	19	15	22	21
1	2	6	5	9	10	15	22	21
21	1	22	9
1	3	12	13	24	21	22
1	3	12	13	24	23	22
1	3	4	11	14	15	22
1	2	6	8	7	18	20	22
1	3	4	11	14	23	22
1	3	4	5	9	10	15	22
1	3	12	11	14	15	22
1	2	6	8	16	17	19	15	22
1	2	6	5	9	10	15	22
22	1	23	10
1	3	12	13	24	23
1	3	4	11	14	23
1	2	6	5	4	11	14	23
1	3	12	13	24	21	22	23
1	3	4	11	14	15	22	23
1	3	4	11	12	13	24	23
1	2	6	8	7	18	20	22	23
1	3	4	5	9	10	15	22	23
1	3	12	11	14	23
1	3	4	5	9	10	11	14	23
23	1	24	6
1	3	12	13	24
1	3	4	11	14	23	24
1	2	6	8	7	18	20	21	24
1	3	4	11	12	13	24
1	3	12	11	14	23	24
1	2	6	5	4	3	12	13	24
24	2	1	5
2	1
2	6	5	4	3	1
2	6	5	4	11	12	3	1
2	6	8	16	10	11	4	3	1
2	6	8	9	5	4	3	1
25	2	3	5
2	1	3
2	6	5	4	3
2	6	5	4	11	12	3
2	6	8	16	10	11	4	3
2	6	8	9	5	4	3
26	2	4	5
2	6	5	4
2	1	3	4
2	1	3	12	11	4
2	6	8	9	5	4
2	6	8	16	10	11	4
27	2	5	5
2	6	5
2	1	3	4	5
2	6	8	9	5
2	1	3	4	11	10	9	5
2	1	3	12	11	4	5
28	2	6	5
2	6
2	1	3	4	5	6
2	1	3	4	5	9	8	6
2	1	3	4	11	10	16	8	6
2	1	3	12	11	4	5	6
29	2	7	11
2	6	8	7
2	6	8	16	18	7
2	6	5	9	10	16	18	7
2	1	3	4	5	6	8	7
2	6	5	9	8	7
2	6	8	16	17	19	20	18	7
2	1	3	4	5	6	8	16	18	7
2	1	3	4	5	9	10	16	18	7
2	6	5	4	11	10	16	18	7
2	1	3	4	11	10	16	18	7
2	1	3	12	11	10	16	18	7
30	2	8	8
2	6	8
2	6	5	9	8
2	1	3	4	5	6	8
2	6	5	9	10	16	8
2	6	5	4	11	10	16	8
2	1	3	4	5	9	8
2	1	3	4	11	10	16	8
2	1	3	12	11	10	16	8
31	2	9	7
2	6	5	9
2	6	8	9
2	1	3	4	5	9
2	6	8	16	10	9
2	6	5	4	11	10	9
2	1	3	4	11	10	9
2	1	3	12	11	10	9
32	2	10	8
2	6	8	16	10
2	6	5	9	10
2	1	3	4	5	9	10
2	6	5	4	11	10
2	6	8	7	18	16	10
2	1	3	4	11	10
2	6	8	9	10
2	1	3	12	11	10
33	2	11	4
2	6	5	4	11
2	1	3	12	11
2	1	3	4	11
2	6	8	16	10	11
34	2	12	6
2	1	3	12
2	6	5	4	11	12
2	6	5	4	3	12
2	6	8	7	18	20	21	24	13	12
2	6	8	16	10	11	12
2	1	3	4	11	12
35	2	13	8
2	1	3	12	13
2	6	8	7	18	20	21	24	13
2	6	5	4	11	12	13
2	6	5	4	3	12	13
2	6	5	4	11	14	23	24	13
2	6	8	7	18	20	22	21	24	13
2	1	3	4	11	14	23	24	13
2	1	3	4	11	12	13
36	2	14	6
2	6	5	4	11	14
2	6	8	16	17	19	15	14
2	1	3	12	11	14
2	1	3	4	11	14
2	1	3	12	13	24	23	14
2	6	8	16	10	15	14
37	2	15	10
2	6	8	16	17	19	15
2	6	8	16	10	15
2	6	8	7	18	16	17	19	15
2	6	5	9	10	15
2	1	3	4	11	14	15
2	6	8	7	18	20	22	15
2	6	8	7	18	20	19	15
2	6	5	4	11	14	15
2	1	3	12	13	24	21	22	15
2	1	3	12	11	14	15
38	2	16	9
2	6	8	16
2	6	8	7	18	16
2	6	5	9	10	16
2	1	3	4	5	6	8	16
2	1	3	4	5	9	10	16
2	6	5	9	10	17	16
2	6	5	4	11	10	16
2	1	3	4	11	10	16
2	1	3	12	11	10	16
39	2	17	12
2	6	8	16	17
2	6	8	7	18	20	19	17
2	6	8	7	18	16	17
2	6	5	9	10	16	17
2	1	3	4	5	6	8	16	17
2	6	8	16	10	17
2	6	5	9	10	17
2	1	3	4	5	9	10	17
2	1	3	4	5	9	10	16	17
2	6	5	4	11	10	16	17
2	1	3	4	11	10	16	17
2	1	3	12	11	10	16	17
40	2	19	11
2	6	8	16	17	19
2	6	8	7	18	20	19
2	6	8	7	18	16	17	19
2	6	5	9	10	16	17	19
2	1	3	4	5	6	8	16	17	19
2	6	8	16	10	15	19
2	6	8	16	18	20	19
2	6	5	9	10	15	19
2	1	3	4	11	14	15	19
2	6	5	4	11	14	15	19
2	1	3	12	11	14	15	19
41	2	20	10
2	6	8	7	18	20
2	6	8	16	17	19	20
2	6	8	16	18	20
2	6	5	9	10	16	18	20
2	1	3	12	13	24	21	20
2	6	8	16	17	19	15	22	20
2	6	8	16	10	15	19	20
2	6	8	7	18	16	17	19	20
2	6	5	9	10	16	17	19	20
2	1	3	4	5	6	8	7	18	20
42	2	22	11
2	6	8	7	18	20	22
2	6	8	16	17	19	15	22
2	6	5	9	10	15	22
2	1	3	12	13	24	21	22
2	6	8	7	18	20	21	22
2	6	8	16	17	19	20	22
2	6	8	16	18	20	22
2	6	8	16	10	15	22
2	6	8	7	18	16	17	19	15	22
2	1	3	12	13	24	23	22
2	1	3	4	11	14	15	22
43	3	1	5
3	1
3	4	5	6	2	1
3	4	5	9	8	6	2	1
3	4	11	10	16	8	6	2	1
3	12	11	4	5	6	2	1
44	3	2	5
3	1	2
3	4	5	6	2
3	4	5	9	8	6	2
3	4	11	10	16	8	6	2
3	12	11	4	5	6	2
45	3	4	3
3	4
3	12	11	4
3	1	2	6	5	4
46	3	5	4
3	4	5
3	1	2	6	5
3	12	11	4	5
3	4	11	10	9	5
47	3	6	5
3	4	5	6
3	1	2	6
3	4	5	9	8	6
3	4	11	10	16	8	6
3	12	11	4	5	6
48	3	7	8
3	4	5	6	8	7
3	4	5	6	8	16	18	7
3	4	5	9	10	16	18	7
3	1	2	6	8	7
3	4	5	9	8	7
3	12	13	24	21	20	18	7
3	4	11	10	16	18	7
3	12	11	10	16	18	7
49	3	8	6
3	4	5	6	8
3	4	5	9	8
3	1	2	6	8
3	4	5	9	10	16	8
3	4	11	10	16	8
3	12	11	10	16	8
50	3	9	6
3	4	5	9
3	4	11	10	9
3	12	11	10	9
3	4	5	6	8	9
3	1	2	6	5	9
3	12	11	4	5	9
51	3	10	8
3	4	5	9	10
3	4	11	10
3	12	11	10
3	4	5	6	8	16	10
3	4	11	14	15	10
3	12	11	14	15	10
3	12	13	24	21	22	15	10
3	1	2	6	8	16	10
52	3	11	5
3	4	11
3	12	11
3	4	5	9	10	11
3	12	13	24	23	14	11
3	1	2	6	5	4	11
53	3	12	5
3	12
3	4	11	12
3	4	11	14	23	24	13	12
3	4	5	9	10	11	12
3	1	2	6	5	4	11	12
54	3	13	8
3	12	13
3	4	11	14	23	24	13
3	4	11	12	13
3	4	11	14	15	22	21	24	13
3	4	5	9	10	15	22	21	24	13
3	12	11	14	23	24	13
3	4	5	9	10	11	12	13
3	1	2	6	5	4	11	12	13
55	3	14	7
3	4	11	14
3	12	13	24	23	14
3	12	11	14
3	12	13	24	21	22	15	14
3	4	5	9	10	15	14
3	4	5	9	10	11	14
3	1	2	6	5	4	11	14
56	3	15	5
3	4	11	14	15
3	12	13	24	21	22	15
3	12	11	14	15
3	4	5	9	10	15
3	1	2	6	8	16	17	19	15
57	3	16	7
3	4	5	6	8	16
3	4	5	9	10	16
3	4	11	10	16
3	12	11	10	16
3	4	5	6	8	7	18	16
3	4	5	9	10	17	16
3	1	2	6	8	16
58	3	17	10
3	4	5	6	8	16	17
3	4	5	9	10	17
3	4	5	9	10	16	17
3	4	11	10	16	17
3	12	11	10	16	17
3	4	11	14	15	19	17
3	4	11	10	17
3	12	11	10	17
3	4	5	6	8	7	18	16	17
3	1	2	6	8	16	17
59	3	22	7
3	12	13	24	21	22
3	12	13	24	23	22
3	4	11	14	15	22
3	4	11	14	23	22
3	4	5	9	10	15	22
3	12	11	14	15	22
3	1	2	6	8	7	18	20	22
60	3	23	9
3	12	13	24	23
3	4	11	14	23
3	12	13	24	21	22	23
3	4	11	14	15	22	23
3	4	11	12	13	24	23
3	4	5	9	10	15	22	23
3	12	11	14	23
3	4	5	9	10	11	14	23
3	1	2	6	5	4	11	14	23
61	4	1	5
4	3	1
4	5	6	2	1
4	11	12	3	1
4	5	9	8	6	2	1
4	11	10	16	8	6	2	1
62	4	2	5
4	5	6	2
4	3	1	2
4	5	9	8	6	2
4	11	10	16	8	6	2
4	11	12	3	1	2
63	4	3	3
4	3
4	11	12	3
4	5	6	2	1	3
64	4	5	3
4	5
4	11	10	9	5
4	3	1	2	6	5
65	4	6	4
4	5	6
4	3	1	2	6
4	5	9	8	6
4	11	10	16	8	6
66	4	7	8
4	5	6	8	7
4	5	6	8	16	18	7
4	5	9	10	16	18	7
4	11	10	16	18	7
4	5	9	8	7
4	11	10	16	8	7
4	5	6	8	16	17	19	20	18	7
4	3	1	2	6	8	7
67	4	8	5
4	5	6	8
4	5	9	8
4	11	10	16	8
4	5	9	10	16	8
4	3	1	2	6	8
68	4	9	6
4	5	9
4	11	10	9
4	5	6	8	9
4	3	1	2	6	5	9
4	11	14	15	10	9
4	3	12	11	10	9
69	4	10	5
4	5	9	10
4	11	10
4	5	6	8	16	10
4	11	14	15	10
4	3	12	11	10
70	4	11	3
4	11
4	3	12	11
4	5	9	10	11
71	4	12	4
4	3	12
4	11	12
4	11	14	23	24	13	12
4	5	9	10	11	12
72	4	13	7
4	3	12	13
4	11	14	23	24	13
4	11	12	13
4	11	14	15	22	21	24	13
4	5	9	10	15	22	21	24	13
4	3	12	11	14	23	24	13
4	5	9	10	11	12	13
73	4	14	5
4	11	14
4	5	9	10	15	14
4	3	12	11	14
4	3	12	13	24	23	14
4	5	9	10	11	14
74	4	15	5
4	11	14	15
4	5	9	10	15
4	5	6	8	16	17	19	15
4	11	10	15
4	3	12	11	14	15
75	4	16	8
4	5	6	8	16
4	5	9	10	16
4	11	10	16
4	5	6	8	7	18	16
4	5	9	10	17	16
4	11	10	17	16
4	11	14	15	19	17	16
4	3	12	11	10	16
76	4	17	7
4	5	6	8	16	17
4	5	9	10	17
4	5	9	10	16	17
4	11	10	16	17
4	11	14	15	19	17
4	11	10	17
4	3	12	11	10	16	17
77	4	18	10
4	5	6	8	7	18
4	5	6	8	16	18
4	5	9	10	16	18
4	11	10	16	18
4	5	6	8	16	17	19	20	18
4	5	9	8	7	18
4	11	10	16	8	7	18
4	11	10	17	16	18
4	11	14	15	19	17	16	18
4	3	12	11	10	16	18
78	4	19	8
4	5	6	8	16	17	19
4	11	14	15	19
4	5	6	8	7	18	20	19
4	5	9	10	17	19
4	5	9	10	16	17	19
4	11	10	16	17	19
4	5	9	10	15	19
4	3	12	11	14	15	19
79	4	20	8
4	5	6	8	7	18	20
4	5	6	8	16	17	19	20
4	5	6	8	16	18	20
4	5	9	10	16	18	20
4	11	14	15	19	20
4	11	14	15	22	20
4	11	10	16	18	20
4	3	12	13	24	21	20
80	4	21	6
4	3	12	13	24	21
4	11	14	15	22	21
4	11	14	23	24	21
4	5	6	8	7	18	20	21
4	11	14	23	22	21
4	5	9	10	15	22	21
81	4	22	5
4	11	14	15	22
4	11	14	23	22
4	5	9	10	15	22
4	3	12	13	24	21	22
4	11	10	15	22
82	4	23	7
4	11	14	23
4	3	12	13	24	23
4	11	14	15	22	23
4	5	9	10	15	22	23
4	3	12	11	14	23
4	11	12	13	24	23
4	5	9	10	11	14	23
83	4	24	6
4	3	12	13	24
4	11	14	23	24
4	11	14	15	22	21	24
4	11	12	13	24
4	5	9	10	15	22	21	24
4	3	12	11	14	23	24
84	5	1	5
5	4	3	1
5	6	2	1
5	4	11	12	3	1
5	9	10	11	4	3	1
5	9	8	6	2	1
85	5	2	5
5	6	2
5	4	3	1	2
5	9	8	6	2
5	4	11	12	3	1	2
5	9	10	11	4	3	1	2
86	5	3	4
5	4	3
5	4	11	12	3
5	6	2	1	3
5	9	10	11	4	3
87	5	4	3
5	4
5	9	10	11	4
5	6	2	1	3	4
88	5	6	4
5	6
5	9	8	6
5	4	3	1	2	6
5	9	10	16	8	6
89	5	7	6
5	6	8	7
5	6	8	16	18	7
5	9	10	16	18	7
5	9	8	7
5	6	8	16	17	19	20	18	7
5	4	11	10	16	18	7
90	5	8	4
5	6	8
5	9	8
5	9	10	16	8
5	4	11	10	16	8
91	5	9	3
5	9
5	6	8	9
5	4	11	10	9
92	5	10	3
5	9	10
5	4	11	10
5	6	8	16	10
93	5	11	5
5	4	11
5	9	10	11
5	4	3	12	11
5	9	10	15	14	11
5	6	8	16	10	11
94	5	12	5
5	4	3	12
5	4	11	12
5	9	10	11	12
5	4	11	14	23	24	13	12
5	6	2	1	3	12
95	5	13	6
5	4	3	12	13
5	4	11	14	23	24	13
5	4	11	12	13
5	9	10	11	12	13
5	9	10	15	22	21	24	13
5	6	2	1	3	12	13
96	5	14	6
5	4	11	14
5	9	10	15	14
5	9	10	11	14
5	4	3	12	13	24	23	14
5	6	8	16	17	19	15	14
5	4	3	12	11	14
97	5	15	3
5	9	10	15
5	4	11	14	15
5	6	8	16	17	19	15
98	5	16	5
5	6	8	16
5	9	10	16
5	6	8	7	18	16
5	9	10	17	16
5	4	11	10	16
99	5	17	7
5	6	8	16	17
5	9	10	17
5	9	10	16	17
5	9	10	15	19	17
5	6	8	7	18	20	19	17
5	6	8	7	18	16	17
5	4	11	10	16	17
100	5	19	7
5	6	8	16	17	19
5	9	10	15	19
5	9	10	16	17	19
5	6	8	7	18	20	19
5	9	10	17	19
5	6	8	7	18	16	17	19
5	4	11	14	15	19
101	5	20	9
5	6	8	7	18	20
5	6	8	16	17	19	20
5	6	8	16	18	20
5	9	10	16	18	20
5	9	10	15	22	20
5	9	10	15	19	20
5	9	10	16	17	19	20
5	9	8	7	18	20
5	4	11	14	15	19	20
102	5	21	4
5	9	10	15	22	21
5	4	3	12	13	24	21
5	6	8	7	18	20	21
5	4	11	14	23	24	21
103	5	22	4
5	9	10	15	22
5	4	11	14	23	22
5	4	11	14	15	22
5	6	8	7	18	20	22
104	5	23	5
5	4	11	14	23
5	4	3	12	13	24	23
5	9	10	11	14	23
5	9	10	15	22	23
5	6	8	7	18	20	22	23
105	6	1	5
6	2	1
6	5	4	3	1
6	5	4	11	12	3	1
6	8	16	10	11	4	3	1
6	8	9	5	4	3	1
106	6	2	5
6	2
6	5	4	3	1	2
6	5	4	11	12	3	1	2
6	8	16	10	11	4	3	1	2
6	8	9	5	4	3	1	2
107	6	3	5
6	5	4	3
6	2	1	3
6	5	4	11	12	3
6	8	16	10	11	4	3
6	8	9	5	4	3
108	6	4	4
6	5	4
6	2	1	3	4
6	8	16	10	11	4
6	8	9	5	4
109	6	5	4
6	5
6	8	9	5
6	2	1	3	4	5
6	8	16	10	9	5
110	6	7	7
6	8	7
6	8	16	18	7
6	5	9	10	16	18	7
6	5	9	8	7
6	8	16	17	19	20	18	7
6	5	4	11	10	16	18	7
6	2	1	3	4	5	9	10	16	18	7
111	6	8	5
6	8
6	5	9	8
6	5	9	10	16	8
6	5	4	11	10	16	8
6	2	1	3	4	5	9	8
112	6	9	5
6	5	9
6	8	9
6	8	16	10	9
6	5	4	11	10	9
6	2	1	3	4	5	9
113	6	10	6
6	8	16	10
6	5	9	10
6	5	4	11	10
6	8	7	18	16	10
6	8	9	10
6	2	1	3	4	5	9	10
114	6	11	8
6	5	4	11
6	8	16	10	11
6	5	4	3	12	11
6	8	16	17	19	15	14	11
6	5	9	10	11
6	8	9	10	11
6	8	7	18	16	10	11
6	2	1	3	4	11
115	6	12	5
6	5	4	3	12
6	5	4	11	12
6	2	1	3	12
6	8	7	18	20	21	24	13	12
6	8	16	10	11	12
116	6	13	6
6	5	4	3	12	13
6	8	7	18	20	21	24	13
6	5	4	11	12	13
6	2	1	3	12	13
6	5	4	11	14	23	24	13
6	8	7	18	20	22	21	24	13
117	6	14	9
6	5	4	11	14
6	8	16	17	19	15	14
6	8	7	18	20	22	23	14
6	8	16	10	11	14
6	8	16	10	15	14
6	8	7	18	16	17	19	15	14
6	5	9	10	11	14
6	5	9	10	15	14
6	2	1	3	4	11	14
118	6	15	8
6	8	16	17	19	15
6	8	16	10	15
6	8	7	18	16	17	19	15
6	5	9	10	15
6	8	7	18	20	22	15
6	8	7	18	20	19	15
6	5	4	11	14	15
6	2	1	3	4	11	14	15
119	6	16	6
6	8	16
6	8	7	18	16
6	5	9	10	16
6	5	9	10	17	16
6	5	4	11	10	16
6	2	1	3	4	5	9	10	16
120	6	17	8
6	8	16	17
6	8	7	18	20	19	17
6	8	7	18	16	17
6	5	9	10	16	17
6	8	16	10	17
6	5	9	10	17
6	5	4	11	10	16	17
6	2	1	3	4	5	9	10	16	17
121	6	18	7
6	8	7	18
6	8	16	18
6	5	9	10	16	18
6	8	16	17	19	20	18
6	5	9	8	7	18
6	5	4	11	10	16	18
6	2	1	3	4	5	9	10	16	18
122	6	19	9
6	8	16	17	19
6	8	7	18	20	19
6	8	7	18	16	17	19
6	5	9	10	16	17	19
6	8	16	10	15	19
6	8	16	18	20	19
6	5	9	10	15	19
6	5	4	11	14	15	19
6	2	1	3	4	11	14	15	19
123	6	20	12
6	8	7	18	20
6	8	16	17	19	20
6	8	16	18	20
6	5	9	10	16	18	20
6	8	16	17	19	15	22	20
6	8	16	10	15	19	20
6	8	7	18	16	17	19	20
6	5	9	10	16	17	19	20
6	5	9	10	15	19	20
6	5	9	8	7	18	20
6	5	4	11	14	15	19	20
6	2	1	3	12	13	24	21	20
124	6	21	10
6	8	7	18	20	21
6	8	7	18	20	22	21
6	8	16	17	19	15	22	21
6	5	9	10	15	22	21
6	5	4	3	12	13	24	21
6	8	16	17	19	20	21
6	8	16	18	20	21
6	8	16	10	15	22	21
6	8	7	18	16	17	19	15	22	21
6	2	1	3	12	13	24	21
125	6	22	11
6	8	7	18	20	22
6	8	16	17	19	15	22
6	5	9	10	15	22
6	8	7	18	20	21	22
6	8	16	17	19	20	22
6	8	16	18	20	22
6	5	4	11	14	23	22
6	8	16	10	15	22
6	8	7	18	16	17	19	15	22
6	5	4	11	14	15	22
6	2	1	3	12	13	24	21	22
126	6	23	7
6	5	4	11	14	23
6	8	7	18	20	22	23
6	8	7	18	20	21	24	23
6	8	16	17	19	15	22	23
6	5	4	3	12	13	24	23
6	5	9	10	11	14	23
6	2	1	3	12	13	24	23
127	6	24	7
6	8	7	18	20	21	24
6	5	4	3	12	13	24
6	5	4	11	14	23	24
6	8	7	18	20	22	21	24
6	8	7	18	20	22	23	24
6	8	16	17	19	15	22	21	24
6	2	1	3	12	13	24
128	7	1	10
7	8	6	2	1
7	8	6	5	4	3	1
7	18	16	10	9	5	4	3	1
7	18	16	8	6	2	1
7	18	16	10	9	5	6	2	1
7	18	16	10	11	12	3	1
7	18	16	10	11	4	3	1
7	18	16	8	6	5	4	3	1
7	8	9	5	4	3	1
7	18	20	21	24	13	12	3	1
129	7	2	11
7	8	6	2
7	8	6	5	4	3	1	2
7	18	16	10	9	5	6	2
7	18	16	8	6	2
7	18	16	10	11	12	3	1	2
7	18	16	10	11	4	3	1	2
7	18	16	10	9	5	4	3	1	2
7	18	16	8	6	5	4	3	1	2
7	18	16	10	11	4	5	6	2
7	8	9	5	6	2
7	18	20	19	17	16	8	6	2
130	7	3	8
7	8	6	5	4	3
7	8	6	2	1	3
7	18	16	10	9	5	4	3
7	18	16	8	6	5	4	3
7	18	16	10	11	12	3
7	18	16	10	11	4	3
7	8	9	5	4	3
7	18	20	21	24	13	12	3
131	7	4	8
7	8	6	5	4
7	18	16	10	11	4
7	18	16	10	9	5	4
7	18	16	8	6	5	4
7	8	6	2	1	3	4
7	8	9	5	4
7	8	16	10	11	4
7	18	20	19	17	16	8	6	5	4
132	7	5	6
7	8	6	5
7	18	16	10	9	5
7	18	16	8	6	5
7	18	16	10	11	4	5
7	8	9	5
7	18	20	19	17	16	8	6	5
133	7	6	7
7	8	6
7	18	16	10	9	5	6
7	18	16	8	6
7	18	16	10	9	5	4	3	1	2	6
7	18	16	10	11	4	5	6
7	8	9	5	6
7	18	20	19	17	16	8	6
134	7	8	4
7	8
7	18	16	8
7	18	16	10	9	8
7	18	20	19	17	16	8
135	7	9	6
7	18	16	10	9
7	8	9
7	8	6	5	9
7	18	16	8	9
7	18	16	17	10	9
7	18	20	19	17	16	10	9
136	7	10	5
7	18	16	10
7	18	16	17	10
7	8	16	10
7	8	9	10
7	18	20	19	17	16	10
137	7	11	6
7	18	16	10	11
7	8	6	5	4	11
7	8	16	10	11
7	18	16	17	19	15	14	11
7	18	16	17	10	11
7	18	20	19	15	14	11
138	7	12	4
7	8	6	5	4	3	12
7	18	16	10	11	12
7	18	20	21	24	13	12
7	8	16	10	11	12
139	7	13	8
7	18	20	21	24	13
7	8	6	5	4	3	12	13
7	18	20	22	23	24	13
7	18	20	22	21	24	13
7	18	16	17	19	15	22	21	24	13
7	8	16	17	19	15	22	21	24	13
7	18	16	10	11	12	13
7	8	16	10	11	12	13
140	7	14	8
7	18	16	17	19	15	14
7	18	16	10	11	14
7	18	20	19	15	14
7	8	16	17	19	15	14
7	18	20	22	23	14
7	18	20	22	15	14
7	8	16	10	11	14
7	8	6	5	4	11	14
141	7	15	7
7	18	16	17	19	15
7	18	20	22	15
7	18	20	19	15
7	8	16	17	19	15
7	18	16	10	15
7	8	16	10	15
7	8	9	10	15
142	7	16	4
7	18	16
7	8	16
7	18	20	19	17	16
7	8	9	10	16
143	7	17	6
7	18	16	17
7	18	20	19	17
7	8	16	17
7	18	16	10	17
7	8	16	10	17
7	8	9	10	16	17
144	7	18	4
7	18
7	8	16	18
7	8	16	17	19	20	18
7	8	9	10	16	18
145	7	19	7
7	18	16	17	19
7	18	20	19
7	8	16	17	19
7	18	20	22	15	19
7	18	16	10	15	19
7	8	16	18	20	19
7	8	9	10	16	17	19
146	7	20	7
7	18	20
7	18	16	17	19	20
7	8	16	18	20
7	18	16	17	19	15	22	20
7	18	16	10	15	19	20
7	8	16	17	19	20
7	8	9	10	16	18	20
147	7	21	9
7	18	20	21
7	18	20	22	21
7	18	16	17	19	15	22	21
7	8	16	17	19	15	22	21
7	18	20	22	23	24	21
7	18	16	17	19	20	21
7	8	16	18	20	21
7	18	16	10	15	22	21
7	8	9	10	15	22	21
148	7	22	8
7	18	20	22
7	18	20	21	22
7	18	16	17	19	15	22
7	8	16	17	19	15	22
7	18	16	17	19	20	22
7	8	16	18	20	22
7	18	16	10	15	22
7	8	9	10	15	22
149	7	23	11
7	18	20	22	23
7	18	20	21	24	23
7	18	16	17	19	15	22	23
7	8	16	17	19	15	22	23
7	18	16	17	19	15	14	23
7	18	20	21	22	23
7	18	20	22	21	24	23
7	8	16	17	19	15	14	23
7	18	16	10	11	14	23
7	8	16	18	20	22	23
7	8	6	5	4	11	14	23
150	7	24	13
7	18	20	21	24
7	18	20	22	23	24
7	18	20	22	21	24
7	18	16	17	19	15	22	21	24
7	8	16	17	19	15	22	21	24
7	8	6	5	4	3	12	13	24
7	18	16	17	19	15	14	23	24
7	18	20	21	22	23	24
7	18	16	17	19	15	22	23	24
7	8	16	17	19	15	22	23	24
7	8	16	18	20	21	24
7	18	16	17	19	20	21	24
7	18	16	10	15	22	21	24
151	8	1	7
8	6	2	1
8	6	5	4	3	1
8	9	5	4	3	1
8	9	5	6	2	1
8	16	10	11	12	3	1
8	16	10	11	4	3	1
8	16	10	9	5	4	3	1
152	8	2	8
8	6	2
8	6	5	4	3	1	2
8	9	5	6	2
8	16	10	11	12	3	1	2
8	16	10	11	4	3	1	2
8	9	5	4	3	1	2
8	16	10	11	4	5	6	2
8	16	10	9	5	6	2
153	8	3	6
8	6	5	4	3
8	6	2	1	3
8	9	5	4	3
8	16	10	11	12	3
8	16	10	11	4	3
8	16	10	9	5	4	3
154	8	4	5
8	6	5	4
8	16	10	11	4
8	9	5	4
8	6	2	1	3	4
8	16	10	9	5	4
155	8	5	4
8	6	5
8	9	5
8	16	10	11	4	5
8	16	10	9	5
156	8	6	5
8	6
8	9	5	6
8	9	5	4	3	1	2	6
8	16	10	11	4	5	6
8	16	10	9	5	6
157	8	7	4
8	7
8	16	18	7
8	16	17	19	20	18	7
8	9	10	16	18	7
158	8	9	3
8	9
8	6	5	9
8	16	10	9
159	8	10	5
8	16	10
8	9	10
8	7	18	16	10
8	16	17	10
8	6	5	9	10
160	8	11	5
8	16	10	11
8	6	5	4	11
8	16	17	19	15	14	11
8	9	10	11
8	7	18	16	10	11
161	8	12	8
8	6	5	4	3	12
8	16	10	11	12
8	7	18	20	21	24	13	12
8	6	2	1	3	12
8	9	5	4	3	12
8	6	5	4	11	12
8	9	10	11	12
8	7	18	16	10	11	12
162	8	13	6
8	6	5	4	3	12	13
8	7	18	20	21	24	13
8	16	10	11	12	13
8	7	18	20	22	23	24	13
8	7	18	20	22	21	24	13
8	16	17	19	15	22	21	24	13
163	8	14	6
8	16	17	19	15	14
8	16	10	11	14
8	6	5	4	11	14
8	7	18	20	22	23	14
8	16	10	15	14
8	7	18	16	17	19	15	14
164	8	15	6
8	16	17	19	15
8	16	10	15
8	7	18	16	17	19	15
8	7	18	20	22	15
8	7	18	20	19	15
8	9	10	15
165	8	16	3
8	16
8	7	18	16
8	9	10	16
166	8	17	5
8	16	17
8	7	18	20	19	17
8	7	18	16	17
8	16	10	17
8	9	10	16	17
167	8	18	4
8	7	18
8	16	18
8	16	17	19	20	18
8	9	10	16	18
168	8	19	6
8	16	17	19
8	7	18	20	19
8	7	18	16	17	19
8	16	10	15	19
8	16	18	20	19
8	9	10	16	17	19
169	8	20	7
8	7	18	20
8	16	17	19	20
8	16	18	20
8	16	17	19	15	22	20
8	16	10	15	19	20
8	7	18	16	17	19	20
8	9	10	16	18	20
170	8	21	9
8	7	18	20	21
8	7	18	20	22	21
8	16	17	19	15	22	21
8	7	18	20	22	23	24	21
8	16	17	19	20	21
8	16	18	20	21
8	16	10	15	22	21
8	7	18	16	17	19	15	22	21
8	9	10	15	22	21
171	8	22	8
8	7	18	20	22
8	16	17	19	15	22
8	7	18	20	21	22
8	16	17	19	20	22
8	16	18	20	22
8	16	10	15	22
8	7	18	16	17	19	15	22
8	9	10	15	22
172	8	23	7
8	7	18	20	22	23
8	7	18	20	21	24	23
8	16	17	19	15	22	23
8	16	17	19	15	14	23
8	16	10	11	14	23
8	16	18	20	22	23
8	6	5	4	11	14	23
173	8	24	8
8	7	18	20	21	24
8	7	18	20	22	23	24
8	7	18	20	22	21	24
8	16	17	19	15	22	21	24
8	6	5	4	3	12	13	24
8	16	17	19	15	22	23	24
8	16	18	20	21	24
8	16	17	19	20	21	24
174	9	1	5
9	5	4	3	1
9	5	6	2	1
9	10	11	4	3	1
9	10	11	12	3	1
9	8	6	2	1
175	9	2	7
9	5	6	2
9	5	4	3	1	2
9	8	6	2
9	10	11	12	3	1	2
9	10	11	4	3	1	2
9	10	11	4	5	6	2
9	10	16	8	6	2
176	9	3	6
9	5	4	3
9	10	11	12	3
9	10	11	4	3
9	5	6	2	1	3
9	5	4	11	12	3
9	8	6	5	4	3
177	9	4	6
9	5	4
9	10	11	4
9	10	11	12	3	4
9	8	6	5	4
9	10	15	14	11	4
9	5	6	2	1	3	4
178	9	5	3
9	5
9	8	6	5
9	10	11	4	5
179	9	6	5
9	5	6
9	8	6
9	5	4	3	1	2	6
9	10	11	4	5	6
9	10	16	8	6
180	9	7	6
9	10	16	18	7
9	8	7
9	10	16	17	19	20	18	7
9	10	17	16	18	7
9	8	16	18	7
9	5	6	8	7
181	9	8	3
9	8
9	5	6	8
9	10	16	8
182	9	10	3
9	10
9	5	4	11	10
9	8	16	10
183	9	11	5
9	10	11
9	5	4	11
9	10	15	14	11
9	5	4	3	12	11
9	8	16	10	11
184	9	12	8
9	10	11	12
9	5	4	3	12
9	10	15	22	21	24	13	12
9	5	4	11	12
9	10	11	4	3	12
9	10	15	14	11	12
9	5	6	2	1	3	12
9	8	6	5	4	3	12
185	9	13	8
9	10	11	12	13
9	10	15	22	21	24	13
9	5	4	3	12	13
9	10	11	14	23	24	13
9	5	4	11	14	23	24	13
9	5	4	11	12	13
9	5	6	2	1	3	12	13
9	8	6	5	4	3	12	13
186	9	14	7
9	10	11	14
9	10	15	14
9	5	4	11	14
9	10	15	22	23	14
9	10	16	17	19	15	14
9	8	16	17	19	15	14
9	5	4	3	12	11	14
187	9	15	6
9	10	15
9	10	16	17	19	15
9	5	4	11	14	15
9	10	11	14	15
9	10	17	19	15
9	8	16	17	19	15
188	9	16	5
9	10	16
9	10	17	16
9	8	16
9	8	7	18	16
9	5	6	8	16
189	9	17	7
9	10	16	17
9	10	17
9	8	16	17
9	10	15	19	17
9	8	7	18	20	19	17
9	8	7	18	16	17
9	5	6	8	16	17
190	9	18	6
9	10	16	18
9	8	7	18
9	10	16	17	19	20	18
9	10	17	16	18
9	8	16	18
9	5	6	8	7	18
191	9	19	8
9	10	16	17	19
9	10	15	19
9	8	16	17	19
9	10	16	18	20	19
9	10	17	19
9	8	7	18	20	19
9	8	7	18	16	17	19
9	5	6	8	16	17	19
192	9	20	9
9	10	16	18	20
9	10	16	17	19	20
9	10	15	19	20
9	8	7	18	20
9	10	15	22	20
9	8	16	17	19	20
9	10	17	19	20
9	8	16	18	20
9	5	6	8	7	18	20
193	9	21	9
9	10	15	22	21
9	10	16	18	20	21
9	10	16	17	19	15	22	21
9	8	7	18	20	21
9	10	11	14	23	24	21
9	10	16	18	20	22	21
9	5	4	3	12	13	24	21
9	10	16	17	19	20	21
9	10	17	19	15	22	21
194	9	22	8
9	10	15	22
9	10	16	18	20	22
9	10	16	17	19	15	22
9	8	7	18	20	22
9	10	11	14	23	22
9	5	4	11	14	15	22
9	10	16	17	19	20	22
9	10	17	19	15	22
195	9	23	9
9	10	11	14	23
9	10	15	22	23
9	5	4	11	14	23
9	10	15	22	21	24	23
9	10	15	14	23
9	10	16	18	20	22	23
9	10	16	17	19	15	22	23
9	5	4	3	12	13	24	23
9	8	7	18	20	22	23
196	9	24	8
9	10	15	22	21	24
9	10	11	14	23	24
9	5	4	3	12	13	24
9	10	11	12	13	24
9	10	15	22	23	24
9	10	15	14	23	24
9	5	4	11	14	23	24
9	8	7	18	20	21	24
197	10	1	0
198	10	2	0
199	10	3	0
200	10	4	5
10	9	5	4
10	11	4
10	11	12	3	4
10	16	8	6	5	4
10	15	14	11	4
201	10	5	3
10	9	5
10	11	4	5
10	16	8	6	5
202	10	6	6
10	16	8	6
10	9	5	6
10	9	5	4	3	1	2	6
10	16	18	7	8	6
10	9	8	6
10	11	4	5	6
203	10	7	5
10	16	18	7
10	16	8	7
10	17	16	18	7
10	16	17	19	20	18	7
10	9	8	7
204	10	8	5
10	16	8
10	16	18	7	8
10	9	8
10	9	5	6	8
10	17	16	8
205	10	9	3
10	9
10	11	4	5	9
10	16	8	9
206	10	11	3
10	11
10	15	14	11
10	9	5	4	11
207	10	12	5
10	11	12
10	9	5	4	3	12
10	15	22	21	24	13	12
10	15	14	11	12
10	11	4	3	12
208	10	13	0
209	10	14	4
10	11	14
10	15	14
10	15	22	23	14
10	16	17	19	15	14
210	10	15	4
10	15
10	16	17	19	15
10	11	14	15
10	17	19	15
211	10	16	0
212	10	17	3
10	16	17
10	17
10	15	19	17
213	10	18	6
10	16	18
10	16	8	7	18
10	17	16	18
10	16	17	19	20	18
10	15	19	20	18
10	15	19	17	16	18
214	10	19	4
10	16	17	19
10	15	19
10	16	18	20	19
10	17	19
215	10	20	0
216	10	21	0
217	10	22	5
10	15	22
10	16	18	20	22
10	16	17	19	15	22
10	11	14	23	22
10	17	19	15	22
218	10	23	6
10	11	14	23
10	15	22	23
10	15	22	21	24	23
10	15	14	23
10	11	12	13	24	23
10	16	17	19	15	22	23
219	10	24	0
220	11	1	5
11	4	3	1
11	4	5	6	2	1
11	12	3	1
11	10	16	8	6	2	1
11	10	9	5	4	3	1
221	11	2	4
11	4	5	6	2
11	4	3	1	2
11	12	3	1	2
11	10	16	8	6	2
222	11	3	5
11	4	3
11	12	3
11	4	5	6	2	1	3
11	10	9	5	4	3
11	14	23	24	13	12	3
223	11	4	3
11	4
11	12	3	4
11	10	9	5	4
224	11	5	5
11	4	5
11	10	9	5
11	10	16	8	6	5
11	12	3	4	5
11	14	15	10	9	5
225	11	6	8
11	4	5	6
11	10	16	8	6
11	4	3	1	2	6
11	10	9	5	6
11	10	16	18	7	8	6
11	10	9	8	6
11	14	15	19	17	16	8	6
11	12	3	4	5	6
226	11	7	6
11	10	16	18	7
11	10	16	8	7
11	4	5	6	8	7
11	14	15	19	20	18	7
11	10	17	16	18	7
11	14	15	19	17	16	18	7
227	11	8	5
11	10	16	8
11	4	5	6	8
11	10	16	18	7	8
11	10	9	8
11	14	15	19	17	16	8
228	11	9	5
11	10	9
11	4	5	9
11	10	16	8	9
11	14	15	10	9
11	12	3	4	5	9
229	11	10	3
11	10
11	14	15	10
11	4	5	9	10
230	11	12	3
11	12
11	4	3	12
11	14	23	24	13	12
231	11	13	5
11	12	13
11	14	23	24	13
11	4	3	12	13
11	14	15	22	21	24	13
11	10	15	22	21	24	13
232	11	14	3
11	14
11	10	15	14
11	12	13	24	23	14
233	11	15	5
11	14	15
11	10	15
11	14	23	22	15
11	10	16	17	19	15
11	12	13	24	21	22	15
234	11	16	5
11	10	16
11	10	17	16
11	14	15	19	17	16
11	4	5	6	8	16
11	14	15	10	16
235	11	17	6
11	10	16	17
11	10	17
11	14	15	19	17
11	14	15	10	16	17
11	14	23	22	15	19	17
11	4	5	6	8	16	17
236	11	18	6
11	10	16	18
11	10	16	8	7	18
11	10	17	16	18
11	14	15	19	17	16	18
11	14	15	19	20	18
11	4	5	6	8	7	18
237	11	19	8
11	14	15	19
11	10	16	17	19
11	10	16	18	20	19
11	10	15	19
11	10	17	19
11	14	15	22	20	19
11	14	23	22	15	19
11	4	5	6	8	16	17	19
238	11	20	7
11	14	15	19	20
11	10	16	18	20
11	14	15	22	20
11	10	16	17	19	20
11	14	23	22	20
11	10	15	19	20
11	12	13	24	21	20
239	11	21	6
11	14	23	24	21
11	14	15	22	21
11	10	15	22	21
11	14	15	19	20	21
11	12	13	24	21
11	14	23	22	21
240	11	22	5
11	14	15	22
11	14	23	22
11	10	15	22
11	14	23	24	21	22
11	12	13	24	21	22
241	11	23	4
11	14	23
11	12	13	24	23
11	14	15	22	23
11	10	15	22	23
242	11	24	4
11	14	23	24
11	12	13	24
11	14	15	22	21	24
11	10	15	22	21	24
243	12	1	7
12	3	1
12	3	4	5	6	2	1
12	11	4	3	1
12	11	10	16	8	6	2	1
12	11	4	5	6	2	1
12	11	10	9	5	4	3	1
12	13	24	23	14	11	4	3	1
244	12	2	6
12	3	1	2
12	3	4	5	6	2
12	11	4	5	6	2
12	11	4	3	1	2
12	11	10	16	8	6	2
12	13	24	21	20	18	7	8	6	2
245	12	3	5
12	3
12	11	4	3
12	11	4	5	6	2	1	3
12	11	10	9	5	4	3
12	13	24	23	14	11	4	3
246	12	4	4
12	3	4
12	11	4
12	11	10	9	5	4
12	13	24	23	14	11	4
247	12	5	5
12	3	4	5
12	11	10	9	5
12	11	4	5
12	3	1	2	6	5
12	13	24	23	14	11	4	5
248	12	6	5
12	3	4	5	6
12	3	1	2	6
12	11	4	5	6
12	11	10	16	8	6
12	13	24	21	20	18	7	8	6
249	12	7	4
12	3	4	5	6	8	7
12	11	10	16	18	7
12	11	10	16	8	7
12	13	24	21	20	18	7
250	12	8	8
12	3	4	5	6	8
12	11	10	16	8
12	11	10	16	18	7	8
12	3	1	2	6	8
12	11	4	5	6	8
12	11	10	9	8
12	3	4	5	9	8
12	13	24	21	20	18	7	8
251	12	9	8
12	11	10	9
12	3	4	5	9
12	3	4	5	6	8	9
12	11	14	15	10	9
12	3	4	11	10	9
12	3	1	2	6	5	9
12	11	4	5	9
12	13	24	21	22	15	10	9
252	12	10	5
12	11	10
12	3	4	5	9	10
12	11	14	15	10
12	3	4	11	10
12	13	24	21	22	15	10
253	12	11	3
12	11
12	3	4	11
12	13	24	23	14	11
254	12	13	5
12	13
12	11	14	23	24	13
12	11	14	15	22	21	24	13
12	11	10	15	22	21	24	13
12	3	4	11	14	23	24	13
255	12	14	5
12	11	14
12	13	24	23	14
12	13	24	21	22	15	14
12	3	4	11	14
12	11	10	15	14
256	12	15	6
12	11	14	15
12	13	24	21	22	15
12	11	10	15
12	13	24	23	14	15
12	13	24	23	22	15
12	3	4	11	14	15
257	12	16	6
12	11	10	16
12	11	10	17	16
12	3	4	5	6	8	16
12	3	4	5	9	10	16
12	11	14	15	19	17	16
12	13	24	21	22	15	19	17	16
258	12	17	7
12	11	10	16	17
12	11	10	17
12	11	14	15	19	17
12	13	24	21	22	15	19	17
12	3	4	5	6	8	16	17
12	13	24	21	20	19	17
12	13	24	23	22	15	19	17
259	12	18	4
12	11	10	16	18
12	13	24	21	20	18
12	3	4	5	6	8	7	18
12	13	24	21	22	20	18
260	12	19	6
12	11	14	15	19
12	11	10	16	17	19
12	13	24	21	22	15	19
12	13	24	21	20	19
12	13	24	23	22	15	19
12	3	4	5	6	8	16	17	19
261	12	20	7
12	13	24	21	20
12	13	24	21	22	20
12	13	24	23	22	20
12	11	14	15	19	20
12	13	24	23	22	21	20
12	11	10	16	18	20
12	3	4	5	6	8	7	18	20
262	12	21	7
12	13	24	21
12	13	24	23	22	21
12	11	14	23	24	21
12	13	24	23	22	20	21
12	11	14	15	22	21
12	11	10	15	22	21
12	3	4	11	14	23	24	21
263	12	22	6
12	13	24	21	22
12	13	24	23	22
12	11	14	15	22
12	11	14	23	22
12	11	10	15	22
12	3	4	11	14	15	22
264	12	23	6
12	13	24	23
12	11	14	23
12	13	24	21	22	23
12	11	14	15	22	23
12	11	10	15	22	23
12	3	4	11	14	23
265	12	24	5
12	13	24
12	11	14	23	24
12	11	14	15	22	21	24
12	11	10	15	22	21	24
12	3	4	11	14	23	24
266	13	1	8
13	12	3	1
13	12	3	4	5	6	2	1
13	12	11	4	3	1
13	24	23	14	11	4	3	1
13	24	21	20	18	7	8	6	2	1
13	12	11	4	5	6	2	1
13	24	23	14	11	12	3	1
13	12	11	10	9	5	4	3	1
267	13	2	9
13	12	3	1	2
13	12	3	4	5	6	2
13	12	11	4	5	6	2
13	24	21	20	18	7	8	6	2
13	12	11	4	3	1	2
13	24	23	14	11	4	3	1	2
13	24	23	14	11	4	5	6	2
13	24	21	22	15	19	17	16	8	6	2
13	24	21	22	20	18	7	8	6	2
268	13	3	8
13	12	3
13	12	11	4	3
13	24	23	14	11	4	3
13	12	11	4	5	6	2	1	3
13	24	23	14	11	12	3
13	12	11	10	9	5	4	3
13	24	21	22	15	10	9	5	4	3
13	24	21	22	15	14	11	4	3
269	13	4	7
13	12	3	4
13	12	11	4
13	24	23	14	11	4
13	12	11	10	9	5	4
13	24	23	14	11	12	3	4
13	24	21	22	15	10	9	5	4
13	24	21	22	15	14	11	4
270	13	5	6
13	12	3	4	5
13	12	11	10	9	5
13	12	11	4	5
13	24	23	14	11	4	5
13	12	3	1	2	6	5
13	24	21	22	15	10	9	5
271	13	6	7
13	12	3	4	5	6
13	12	3	1	2	6
13	12	11	4	5	6
13	24	21	20	18	7	8	6
13	24	23	14	11	4	5	6
13	24	21	22	15	19	17	16	8	6
13	24	21	22	20	18	7	8	6
272	13	7	8
13	24	21	20	18	7
13	12	3	4	5	6	8	7
13	24	21	22	20	18	7
13	24	23	22	20	18	7
13	12	11	10	16	18	7
13	12	11	10	16	8	7
13	24	21	22	15	19	17	16	8	7
13	24	21	22	15	19	17	16	18	7
273	13	8	6
13	12	3	4	5	6	8
13	24	21	20	18	7	8
13	12	11	10	16	8
13	24	21	22	15	19	17	16	8
13	24	21	22	20	18	7	8
13	24	23	22	20	18	7	8
274	13	9	8
13	12	11	10	9
13	12	3	4	5	9
13	24	21	22	15	10	9
13	12	3	4	5	6	8	9
13	12	3	1	2	6	5	9
13	12	11	4	5	9
13	24	23	14	11	4	5	9
13	24	23	14	11	10	9
275	13	10	6
13	12	11	10
13	24	21	22	15	10
13	12	3	4	5	9	10
13	24	23	14	11	10
13	24	23	14	15	10
13	24	23	22	15	10
276	13	11	5
13	12	11
13	24	23	14	11
13	12	3	4	11
13	24	21	22	15	10	11
13	24	21	22	15	14	11
277	13	12	5
13	12
13	24	23	14	11	12
13	24	23	14	11	4	3	12
13	24	21	22	15	10	11	12
13	24	21	22	15	14	11	12
278	13	14	5
13	24	23	14
13	12	11	14
13	24	21	22	15	14
13	12	11	10	15	14
13	12	3	4	11	14
279	13	15	6
13	24	21	22	15
13	24	23	14	15
13	24	23	22	15
13	12	11	14	15
13	12	11	10	15
13	12	3	4	11	14	15
280	13	16	5
13	12	11	10	16
13	24	21	22	15	19	17	16
13	24	21	20	18	16
13	24	23	22	15	19	17	16
13	12	3	4	5	6	8	16
281	13	17	8
13	24	21	22	15	19	17
13	12	11	10	16	17
13	24	21	20	19	17
13	24	23	22	15	19	17
13	12	11	10	17
13	24	21	20	18	16	17
13	12	11	14	15	19	17
13	12	3	4	5	6	8	16	17
282	13	18	6
13	24	21	20	18
13	12	11	10	16	18
13	24	21	22	20	18
13	24	23	22	20	18
13	12	3	4	5	6	8	7	18
13	24	21	22	15	19	17	16	18
283	13	19	9
13	24	21	22	15	19
13	24	21	20	19
13	24	23	22	15	19
13	12	11	14	15	19
13	12	11	10	16	17	19
13	24	23	14	15	19
13	24	21	22	20	19
13	24	23	22	20	19
13	12	3	4	5	6	8	16	17	19
284	13	20	9
13	24	21	20
13	24	21	22	20
13	24	23	22	20
13	12	11	14	15	19	20
13	24	21	22	15	19	20
13	24	23	22	21	20
13	24	23	14	15	19	20
13	12	11	10	16	18	20
13	12	3	4	5	6	8	7	18	20
285	13	21	8
13	24	21
13	24	23	22	21
13	12	11	14	23	24	21
13	24	23	22	20	21
13	24	23	14	15	22	21
13	12	11	14	15	22	21
13	12	11	10	15	22	21
13	12	3	4	11	14	23	24	21
286	13	22	8
13	24	21	22
13	24	23	22
13	12	11	14	15	22
13	24	21	20	22
13	24	23	14	15	22
13	12	11	14	23	22
13	12	11	10	15	22
13	12	3	4	11	14	23	22
287	13	23	6
13	24	23
13	24	21	22	23
13	12	11	14	23
13	12	11	14	15	22	23
13	12	11	10	15	22	23
13	12	3	4	11	14	23
288	13	24	5
13	24
13	12	11	14	23	24
13	12	11	14	15	22	21	24
13	12	11	10	15	22	21	24
13	12	3	4	11	14	23	24
289	14	1	8
14	11	4	3	1
14	11	4	5	6	2	1
14	11	12	3	1
14	23	24	13	12	3	1
14	15	19	17	16	8	6	2	1
14	11	10	9	5	4	3	1
14	15	10	9	5	4	3	1
14	15	22	21	24	13	12	3	1
290	14	2	7
14	11	4	5	6	2
14	11	4	3	1	2
14	11	12	3	1	2
14	15	19	17	16	8	6	2
14	23	24	13	12	3	1	2
14	15	19	17	16	18	7	8	6	2
14	15	10	16	8	6	2
291	14	3	7
14	11	4	3
14	11	12	3
14	23	24	13	12	3
14	11	4	5	6	2	1	3
14	11	10	9	5	4	3
14	15	10	9	5	4	3
14	15	22	21	24	13	12	3
292	14	4	5
14	11	4
14	11	12	3	4
14	15	10	9	5	4
14	11	10	9	5	4
14	23	24	13	12	3	4
293	14	5	6
14	11	4	5
14	11	10	9	5
14	15	10	9	5
14	15	19	17	16	8	6	5
14	11	12	3	4	5
14	23	24	13	12	3	4	5
294	14	6	9
14	11	4	5	6
14	15	19	17	16	8	6
14	11	4	3	1	2	6
14	11	10	9	5	6
14	15	10	9	5	6
14	15	19	17	16	18	7	8	6
14	11	10	16	8	6
14	15	10	16	8	6
14	23	22	20	18	7	8	6
295	14	7	8
14	15	19	17	16	18	7
14	15	19	17	16	8	7
14	15	19	20	18	7
14	11	10	16	18	7
14	11	4	5	6	8	7
14	11	10	16	8	7
14	15	22	20	18	7
14	23	22	20	18	7
296	14	8	6
14	15	19	17	16	8
14	11	4	5	6	8
14	11	10	16	8
14	15	19	17	16	18	7	8
14	15	10	16	8
14	23	22	20	18	7	8
297	14	9	7
14	11	10	9
14	11	4	5	9
14	15	10	9
14	15	19	17	16	8	9
14	11	12	3	4	5	9
14	15	19	17	16	10	9
14	23	22	15	10	9
298	14	10	4
14	11	10
14	15	10
14	15	19	17	16	10
14	23	22	15	10
299	14	11	3
14	11
14	15	10	11
14	23	24	13	12	11
300	14	12	5
14	11	12
14	23	24	13	12
14	11	4	3	12
14	15	10	11	12
14	15	22	21	24	13	12
301	14	13	5
14	23	24	13
14	11	12	13
14	15	22	21	24	13
14	11	4	3	12	13
14	15	10	11	12	13
302	14	15	4
14	15
14	23	22	15
14	11	10	15
14	23	24	21	22	15
303	14	16	6
14	15	19	17	16
14	11	10	16
14	15	19	20	18	16
14	11	10	17	16
14	23	22	15	19	17	16
14	15	10	16
304	14	17	5
14	15	19	17
14	11	10	16	17
14	11	10	17
14	23	22	15	19	17
14	15	10	16	17
305	14	18	6
14	15	19	17	16	18
14	15	19	20	18
14	11	10	16	18
14	15	19	17	16	8	7	18
14	15	22	20	18
14	23	22	20	18
306	14	19	4
14	15	19
14	11	10	16	17	19
14	23	22	15	19
14	15	22	20	19
307	14	20	5
14	15	19	20
14	15	22	20
14	23	22	20
14	23	24	21	20
14	11	10	16	18	20
308	14	21	6
14	23	24	21
14	15	22	21
14	15	19	20	21
14	15	22	23	24	21
14	23	22	21
14	11	10	15	22	21
309	14	22	5
14	15	22
14	23	22
14	23	24	21	22
14	15	19	20	22
14	11	10	15	22
310	14	23	4
14	23
14	15	22	23
14	15	22	21	24	23
14	11	12	13	24	23
311	14	24	5
14	23	24
14	15	22	21	24
14	11	12	13	24
14	15	22	23	24
14	23	22	21	24
312	15	1	8
15	14	11	4	3	1
15	19	17	16	8	6	2	1
15	14	11	12	3	1
15	22	21	24	13	12	3	1
15	10	9	5	6	2	1
15	19	17	16	18	7	8	6	2	1
15	10	16	8	6	2	1
15	10	9	5	4	3	1
313	15	2	10
15	19	17	16	8	6	2
15	14	11	4	3	1	2
15	10	9	5	6	2
15	19	17	16	18	7	8	6	2
15	10	16	8	6	2
15	14	11	12	3	1	2
15	22	21	24	13	12	3	1	2
15	14	11	4	5	6	2
15	19	20	18	7	8	6	2
15	22	20	18	7	8	6	2
314	15	3	5
15	14	11	4	3
15	14	11	12	3
15	22	21	24	13	12	3
15	19	17	16	8	6	2	1	3
15	10	9	5	4	3
315	15	4	5
15	14	11	4
15	10	9	5	4
15	14	11	12	3	4
15	10	11	4
15	19	17	16	8	6	5	4
316	15	5	3
15	10	9	5
15	14	11	4	5
15	19	17	16	8	6	5
317	15	6	8
15	19	17	16	8	6
15	10	9	5	6
15	19	17	16	18	7	8	6
15	10	16	8	6
15	14	11	4	3	1	2	6
15	14	11	4	5	6
15	19	20	18	7	8	6
15	22	20	18	7	8	6
318	15	7	7
15	19	17	16	18	7
15	19	17	16	8	7
15	19	20	18	7
15	22	20	18	7
15	10	9	8	7
15	10	16	8	7
15	10	16	18	7
319	15	8	6
15	19	17	16	8
15	19	17	16	18	7	8
15	10	16	8
15	10	9	8
15	19	20	18	7	8
15	22	20	18	7	8
320	15	9	6
15	10	9
15	14	11	4	5	9
15	19	17	16	10	9
15	19	17	16	8	9
15	19	17	10	9
15	14	11	10	9
321	15	10	4
15	10
15	19	17	16	10
15	19	17	10
15	14	11	10
322	15	11	5
15	14	11
15	10	11
15	22	21	24	13	12	11
15	22	23	14	11
15	19	17	16	10	11
323	15	12	6
15	14	11	12
15	22	21	24	13	12
15	14	11	4	3	12
15	10	11	12
15	22	23	24	13	12
15	14	23	24	13	12
324	15	13	6
15	22	21	24	13
15	14	11	12	13
15	22	23	24	13
15	14	23	24	13
15	14	11	4	3	12	13
15	10	11	12	13
325	15	14	4
15	14
15	22	23	14
15	10	11	14
15	22	21	24	23	14
326	15	16	4
15	19	17	16
15	10	16
15	19	20	18	16
15	22	20	18	16
327	15	17	5
15	19	17
15	10	16	17
15	10	17
15	19	20	18	16	17
15	22	20	19	17
328	15	18	5
15	19	17	16	18
15	19	20	18
15	22	20	18
15	19	17	16	8	7	18
15	10	16	18
329	15	19	3
15	19
15	22	20	19
15	10	16	17	19
330	15	20	5
15	19	20
15	22	20
15	22	21	20
15	19	17	16	18	20
15	10	16	18	20
331	15	21	5
15	22	21
15	22	23	24	21
15	19	20	21
15	19	20	22	21
15	14	23	24	21
332	15	22	3
15	22
15	19	20	22
15	14	23	22
333	15	23	4
15	22	23
15	14	23
15	22	21	24	23
15	19	20	22	23
334	15	24	0
335	16	1	8
16	8	6	2	1
16	8	6	5	4	3	1
16	10	9	5	4	3	1
16	18	7	8	6	2	1
16	10	9	5	6	2	1
16	10	11	12	3	1
16	10	11	4	3	1
16	17	10	9	5	4	3	1
336	16	2	9
16	8	6	2
16	8	6	5	4	3	1	2
16	10	9	5	6	2
16	18	7	8	6	2
16	10	11	12	3	1	2
16	10	11	4	3	1	2
16	10	9	5	4	3	1	2
16	10	11	4	5	6	2
16	17	10	9	5	6	2
337	16	3	7
16	8	6	5	4	3
16	10	11	12	3
16	10	11	4	3
16	10	9	5	4	3
16	8	6	2	1	3
16	17	10	9	5	4	3
16	18	7	8	6	5	4	3
338	16	4	8
16	8	6	5	4
16	10	11	4
16	10	9	5	4
16	10	11	12	3	4
16	17	19	15	14	11	4
16	17	10	11	4
16	17	10	9	5	4
16	18	7	8	6	5	4
339	16	5	5
16	8	6	5
16	10	9	5
16	10	11	4	5
16	18	7	8	6	5
16	17	10	9	5
340	16	6	6
16	8	6
16	10	9	5	6
16	18	7	8	6
16	10	9	5	4	3	1	2	6
16	10	11	4	5	6
16	17	10	9	5	6
341	16	7	4
16	18	7
16	8	7
16	17	19	20	18	7
16	10	9	8	7
342	16	8	3
16	8
16	18	7	8
16	10	9	8
343	16	9	5
16	10	9
16	8	9
16	17	10	9
16	8	6	5	9
16	18	7	8	9
344	16	10	4
16	10
16	17	10
16	17	19	15	10
16	8	9	10
345	16	11	5
16	10	11
16	17	19	15	14	11
16	17	10	11
16	8	6	5	4	11
16	10	15	14	11
346	16	12	6
16	10	11	12
16	8	6	5	4	3	12
16	17	10	11	12
16	17	19	15	22	21	24	13	12
16	17	19	15	14	11	12
16	10	9	5	4	3	12
347	16	13	6
16	10	11	12	13
16	17	19	15	22	21	24	13
16	8	6	5	4	3	12	13
16	17	10	11	12	13
16	17	19	15	22	23	24	13
16	18	20	21	24	13
348	16	14	6
16	17	19	15	14
16	10	11	14
16	17	19	15	22	23	14
16	10	15	14
16	17	10	11	14
16	18	20	19	15	14
349	16	15	4
16	17	19	15
16	10	15
16	18	20	22	15
16	18	20	19	15
350	16	17	3
16	17
16	10	17
16	18	20	19	17
351	16	18	3
16	18
16	8	7	18
16	17	19	20	18
352	16	19	3
16	17	19
16	18	20	19
16	10	15	19
353	16	20	5
16	18	20
16	17	19	20
16	17	19	15	22	20
16	8	7	18	20
16	10	15	19	20
354	16	21	6
16	17	19	15	22	21
16	18	20	21
16	17	19	15	22	23	24	21
16	18	20	22	21
16	17	19	20	21
16	10	15	22	21
355	16	22	5
16	17	19	15	22
16	18	20	22
16	18	20	21	22
16	10	15	22
16	17	19	20	22
356	16	23	5
16	17	19	15	22	23
16	17	19	15	14	23
16	18	20	22	23
16	17	19	15	22	21	24	23
16	10	11	14	23
357	16	24	9
16	17	19	15	22	21	24
16	17	19	15	22	23	24
16	18	20	21	24
16	10	11	12	13	24
16	17	19	15	14	23	24
16	18	20	22	23	24
16	18	20	22	21	24
16	17	19	20	21	24
16	10	15	22	21	24
358	17	1	12
17	16	8	6	2	1
17	16	8	6	5	4	3	1
17	16	10	9	5	4	3	1
17	16	18	7	8	6	2	1
17	10	9	5	4	3	1
17	16	10	9	5	6	2	1
17	19	20	18	7	8	6	2	1
17	16	10	11	12	3	1
17	10	11	12	3	1
17	16	10	11	4	3	1
17	10	11	4	3	1
17	19	15	14	11	4	3	1
359	17	2	12
17	16	8	6	2
17	16	8	6	5	4	3	1	2
17	16	10	9	5	6	2
17	16	18	7	8	6	2
17	19	20	18	7	8	6	2
17	16	10	11	12	3	1	2
17	16	10	11	4	3	1	2
17	16	10	9	5	4	3	1	2
17	10	9	5	4	3	1	2
17	10	9	5	6	2
17	16	10	11	4	5	6	2
17	10	16	8	6	2
360	17	3	10
17	16	8	6	5	4	3
17	16	10	11	12	3
17	16	10	11	4	3
17	16	10	9	5	4	3
17	10	9	5	4	3
17	16	8	6	2	1	3
17	19	15	14	11	12	3
17	19	15	14	11	4	3
17	10	11	12	3
17	10	11	4	3
361	17	4	7
17	16	8	6	5	4
17	16	10	11	4
17	16	10	9	5	4
17	10	9	5	4
17	16	10	11	12	3	4
17	19	15	14	11	4
17	10	11	4
362	17	5	7
17	16	8	6	5
17	16	10	9	5
17	10	9	5
17	16	10	11	4	5
17	16	18	7	8	6	5
17	10	11	4	5
17	19	15	10	9	5
363	17	6	8
17	16	8	6
17	16	10	9	5	6
17	16	18	7	8	6
17	19	20	18	7	8	6
17	16	10	9	5	4	3	1	2	6
17	16	10	11	4	5	6
17	10	9	5	6
17	10	16	8	6
364	17	7	6
17	16	18	7
17	16	8	7
17	19	20	18	7
17	16	10	9	8	7
17	10	16	8	7
17	10	16	18	7
365	17	8	5
17	16	8
17	16	18	7	8
17	19	20	18	7	8
17	16	10	9	8
17	10	16	8
366	17	9	7
17	16	10	9
17	16	8	9
17	10	9
17	16	8	6	5	9
17	16	18	7	8	9
17	19	20	18	7	8	9
17	19	15	10	9
367	17	10	3
17	16	10
17	10
17	19	15	10
368	17	11	6
17	16	10	11
17	19	15	14	11
17	10	11
17	16	8	6	5	4	11
17	19	15	22	23	14	11
17	16	10	15	14	11
369	17	12	7
17	16	10	11	12
17	19	15	22	21	24	13	12
17	19	15	14	11	12
17	10	11	12
17	16	8	6	5	4	3	12
17	19	15	22	23	24	13	12
17	19	20	21	24	13	12
370	17	13	8
17	19	15	22	21	24	13
17	16	10	11	12	13
17	19	15	22	23	24	13
17	19	20	21	24	13
17	16	18	20	21	24	13
17	16	8	6	5	4	3	12	13
17	19	15	14	11	12	13
17	10	11	12	13
371	17	14	5
17	19	15	14
17	16	10	11	14
17	19	15	22	23	14
17	16	10	15	14
17	10	11	14
372	17	15	5
17	19	15
17	16	10	15
17	19	20	22	15
17	16	18	20	19	15
17	10	15
373	17	16	3
17	16
17	10	16
17	19	20	18	16
374	17	18	4
17	16	18
17	19	20	18
17	16	8	7	18
17	10	16	18
375	17	19	4
17	19
17	16	18	20	19
17	16	10	15	19
17	10	15	19
376	17	20	6
17	19	20
17	16	18	20
17	19	15	22	20
17	16	10	15	19	20
17	16	8	7	18	20
17	10	16	18	20
377	17	21	8
17	19	15	22	21
17	19	20	21
17	16	18	20	21
17	19	15	22	23	24	21
17	19	20	22	21
17	16	18	20	22	21
17	16	10	15	22	21
17	10	15	22	21
378	17	22	6
17	19	15	22
17	19	20	22
17	16	18	20	22
17	19	20	21	22
17	16	10	15	22
17	10	15	22
379	17	23	8
17	19	15	22	23
17	19	15	14	23
17	19	20	22	23
17	16	18	20	22	23
17	19	15	22	21	24	23
17	19	20	21	24	23
17	16	10	11	14	23
17	10	11	14	23
380	17	24	12
17	19	15	22	21	24
17	19	15	22	23	24
17	19	20	21	24
17	16	18	20	21	24
17	16	10	11	12	13	24
17	19	15	14	23	24
17	19	20	22	23	24
17	16	18	20	22	23	24
17	19	20	22	21	24
17	16	18	20	22	21	24
17	16	10	15	22	21	24
17	10	15	22	21	24
381	18	1	9
18	7	8	6	2	1
18	7	8	6	5	4	3	1
18	16	10	9	5	4	3	1
18	16	8	6	2	1
18	16	10	9	5	6	2	1
18	16	10	11	12	3	1
18	16	10	11	4	3	1
18	16	8	6	5	4	3	1
18	20	21	24	13	12	3	1
382	18	4	10
18	7	8	6	5	4
18	16	10	11	4
18	16	10	9	5	4
18	16	8	6	5	4
18	16	10	11	12	3	4
18	16	17	19	15	14	11	4
18	16	17	10	11	4
18	7	8	9	5	4
18	7	8	16	10	11	4
18	20	19	17	16	8	6	5	4
383	18	6	7
18	7	8	6
18	16	10	9	5	6
18	16	8	6
18	16	10	9	5	4	3	1	2	6
18	16	10	11	4	5	6
18	7	8	9	5	6
18	20	19	17	16	8	6
384	18	7	4
18	7
18	16	8	7
18	16	10	9	8	7
18	20	19	17	16	8	7
385	18	8	4
18	7	8
18	16	8
18	16	10	9	8
18	20	19	17	16	8
386	18	9	6
18	16	10	9
18	7	8	9
18	7	8	6	5	9
18	16	17	10	9
18	16	8	9
18	20	19	17	16	10	9
387	18	10	6
18	16	10
18	16	17	10
18	7	8	16	10
18	16	17	19	15	10
18	20	19	15	10
18	20	19	17	16	10
388	18	11	6
18	16	10	11
18	16	17	19	15	14	11
18	16	17	10	11
18	7	8	16	10	11
18	7	8	6	5	4	11
18	20	19	15	14	11
389	18	12	4
18	16	10	11	12
18	20	21	24	13	12
18	7	8	6	5	4	3	12
18	20	22	21	24	13	12
390	18	13	6
18	20	21	24	13
18	16	10	11	12	13
18	20	22	23	24	13
18	20	22	21	24	13
18	16	17	19	15	22	21	24	13
18	7	8	6	5	4	3	12	13
391	18	14	6
18	16	17	19	15	14
18	16	10	11	14
18	20	19	15	14
18	20	22	23	14
18	20	22	15	14
18	7	8	16	17	19	15	14
392	18	15	5
18	16	17	19	15
18	20	22	15
18	20	19	15
18	16	10	15
18	7	8	16	17	19	15
393	18	16	3
18	16
18	7	8	16
18	20	19	17	16
394	18	17	4
18	16	17
18	20	19	17
18	16	10	17
18	7	8	16	17
395	18	19	5
18	16	17	19
18	20	19
18	20	22	15	19
18	7	8	16	17	19
18	16	10	15	19
396	18	20	5
18	20
18	16	17	19	20
18	16	17	19	15	22	20
18	16	10	15	19	20
18	7	8	16	17	19	20
397	18	21	7
18	20	21
18	20	22	21
18	16	17	19	15	22	21
18	20	22	23	24	21
18	16	17	19	20	21
18	16	10	15	22	21
18	7	8	16	17	19	15	22	21
398	18	22	6
18	20	22
18	20	21	22
18	16	17	19	15	22
18	16	17	19	20	22
18	16	10	15	22
18	7	8	16	17	19	15	22
399	18	23	8
18	20	22	23
18	20	21	24	23
18	16	17	19	15	22	23
18	16	17	19	15	14	23
18	20	21	22	23
18	20	22	21	24	23
18	16	10	11	14	23
18	7	8	16	17	19	15	22	23
400	19	1	9
19	17	16	8	6	2	1
19	17	16	8	6	5	4	3	1
19	15	14	11	4	3	1
19	17	16	18	7	8	6	2	1
19	17	16	10	9	5	6	2	1
19	20	18	7	8	6	2	1
19	15	14	11	12	3	1
19	17	16	10	9	5	4	3	1
19	15	22	21	24	13	12	3	1
401	19	2	11
19	17	16	8	6	2
19	17	16	8	6	5	4	3	1	2
19	17	16	10	9	5	6	2
19	17	16	18	7	8	6	2
19	20	18	7	8	6	2
19	15	14	11	12	3	1	2
19	15	14	11	4	3	1	2
19	15	10	9	5	6	2
19	15	14	11	4	5	6	2
19	20	18	16	8	6	2
19	15	10	16	8	6	2
402	19	4	8
19	17	16	8	6	5	4
19	15	14	11	4
19	15	14	11	12	3	4
19	17	16	10	9	5	4
19	15	10	9	5	4
19	17	16	10	11	4
19	17	10	9	5	4
19	20	18	7	8	6	5	4
403	19	5	7
19	17	16	8	6	5
19	17	16	10	9	5
19	15	10	9	5
19	15	14	11	4	5
19	17	16	18	7	8	6	5
19	20	18	7	8	6	5
19	17	10	9	5
404	19	6	9
19	17	16	8	6
19	17	16	10	9	5	6
19	17	16	18	7	8	6
19	20	18	7	8	6
19	15	14	11	4	3	1	2	6
19	15	14	11	4	5	6
19	15	10	9	5	6
19	20	18	16	8	6
19	15	10	16	8	6
405	19	7	7
19	17	16	18	7
19	17	16	8	7
19	20	18	7
19	17	16	10	9	8	7
19	20	18	16	8	7
19	15	10	16	18	7
19	15	22	20	18	7
406	19	8	6
19	17	16	8
19	17	16	18	7	8
19	20	18	7	8
19	17	16	10	9	8
19	20	18	16	8
19	15	10	16	8
407	19	9	8
19	17	16	10	9
19	17	16	8	9
19	15	10	9
19	17	16	8	6	5	9
19	17	16	18	7	8	9
19	20	18	7	8	9
19	17	10	9
19	20	18	16	10	9
408	19	10	4
19	17	16	10
19	15	10
19	17	10
19	20	18	16	10
409	19	11	8
19	15	14	11
19	17	16	10	11
19	17	16	8	6	5	4	11
19	15	22	23	14	11
19	20	22	15	14	11
19	15	10	11
19	17	10	11
19	20	18	16	10	11
410	19	12	6
19	15	14	11	12
19	15	22	21	24	13	12
19	17	16	10	11	12
19	17	16	8	6	5	4	3	12
19	15	22	23	24	13	12
19	20	21	24	13	12
411	19	13	9
19	15	22	21	24	13
19	15	14	11	12	13
19	15	22	23	24	13
19	20	21	24	13
19	17	16	8	6	5	4	3	12	13
19	17	16	10	11	12	13
19	20	22	23	24	13
19	15	14	23	24	13
19	20	22	21	24	13
412	19	14	4
19	15	14
19	15	22	23	14
19	17	16	10	11	14
19	20	22	15	14
413	19	15	3
19	15
19	20	22	15
19	17	16	10	15
414	19	16	3
19	17	16
19	20	18	16
19	15	10	16
415	19	17	4
19	17
19	20	18	16	17
19	15	10	17
19	15	10	16	17
416	19	18	5
19	17	16	18
19	20	18
19	17	16	8	7	18
19	15	10	16	18
19	15	22	20	18
417	19	20	3
19	20
19	15	22	20
19	17	16	18	20
418	19	21	6
19	15	22	21
19	20	21
19	15	22	23	24	21
19	20	22	21
19	15	14	23	24	21
19	17	16	18	20	21
419	19	22	5
19	15	22
19	20	22
19	20	21	22
19	15	14	23	22
19	17	16	18	20	22
420	19	23	6
19	15	22	23
19	15	14	23
19	20	22	23
19	15	22	21	24	23
19	20	21	24	23
19	17	16	18	20	22	23
421	19	24	8
19	15	22	21	24
19	15	22	23	24
19	20	21	24
19	15	14	11	12	13	24
19	15	14	23	24
19	20	22	23	24
19	20	22	21	24
19	17	16	18	20	21	24
422	20	1	9
20	18	7	8	6	2	1
20	21	24	13	12	3	1
20	18	16	10	9	5	6	2	1
20	18	16	8	6	2	1
20	19	17	16	8	6	2	1
20	18	7	8	6	5	4	3	1
20	18	16	10	9	5	4	3	1
20	22	23	24	13	12	3	1
20	22	21	24	13	12	3	1
423	20	2	11
20	18	7	8	6	2
20	21	24	13	12	3	1	2
20	18	16	10	9	5	6	2
20	18	16	8	6	2
20	19	17	16	8	6	2
20	18	7	8	6	5	4	3	1	2
20	19	15	10	9	5	6	2
20	19	17	16	10	9	5	6	2
20	19	17	16	18	7	8	6	2
20	19	15	10	16	8	6	2
20	22	15	19	17	16	8	6	2
424	20	4	8
20	18	7	8	6	5	4
20	18	16	10	11	4
20	18	16	10	9	5	4
20	18	16	8	6	5	4
20	19	17	16	8	6	5	4
20	21	24	13	12	3	4
20	19	15	14	11	4
20	22	15	14	11	4
425	20	5	9
20	18	7	8	6	5
20	18	16	10	9	5
20	18	16	8	6	5
20	19	17	16	8	6	5
20	18	16	10	11	4	5
20	18	7	8	9	5
20	19	15	10	9	5
20	19	17	16	10	9	5
20	22	15	10	9	5
426	20	6	12
20	18	7	8	6
20	18	16	10	9	5	6
20	18	16	8	6
20	19	17	16	8	6
20	21	24	13	12	3	1	2	6
20	18	16	10	11	4	5	6
20	18	7	8	9	5	6
20	19	15	10	9	5	6
20	19	17	16	10	9	5	6
20	19	17	16	18	7	8	6
20	19	15	10	16	8	6
20	22	15	19	17	16	8	6
427	20	7	7
20	18	7
20	18	16	8	7
20	19	17	16	18	7
20	18	16	10	9	8	7
20	19	17	16	8	7
20	19	15	10	16	18	7
20	22	15	19	17	16	18	7
428	20	8	7
20	18	7	8
20	18	16	8
20	19	17	16	8
20	18	16	10	9	8
20	19	17	16	18	7	8
20	19	15	10	16	8
20	22	15	19	17	16	8
429	20	9	9
20	18	16	10	9
20	18	7	8	9
20	19	15	10	9
20	19	17	16	10	9
20	18	7	8	6	5	9
20	18	16	8	9
20	19	17	16	8	9
20	19	17	10	9
20	22	15	10	9
430	20	10	5
20	18	16	10
20	19	15	10
20	19	17	16	10
20	19	17	10
20	22	15	10
431	20	11	7
20	18	16	10	11
20	19	15	14	11
20	21	24	13	12	11
20	19	15	10	11
20	19	17	16	10	11
20	22	23	14	11
20	22	15	14	11
432	20	12	7
20	21	24	13	12
20	18	16	10	11	12
20	22	23	24	13	12
20	22	21	24	13	12
20	18	7	8	6	5	4	3	12
20	19	15	14	11	12
20	21	22	23	24	13	12
433	20	13	9
20	21	24	13
20	18	16	10	11	12	13
20	22	23	24	13
20	22	21	24	13
20	18	7	8	6	5	4	3	12	13
20	19	15	14	11	12	13
20	19	15	14	23	24	13
20	21	22	23	24	13
20	19	15	22	21	24	13
434	20	14	5
20	19	15	14
20	22	23	14
20	22	15	14
20	18	16	10	11	14
20	21	24	23	14
435	20	15	5
20	19	15
20	22	15
20	18	16	10	15
20	18	16	17	19	15
20	21	22	15
436	20	16	5
20	18	16
20	19	17	16
20	18	7	8	16
20	19	15	10	16
20	22	15	19	17	16
437	20	17	6
20	19	17
20	18	16	17
20	18	16	10	17
20	22	15	19	17
20	18	7	8	16	17
20	19	15	10	16	17
438	20	18	5
20	18
20	19	17	16	18
20	19	17	16	8	7	18
20	19	15	10	16	18
20	22	15	19	17	16	18
439	20	19	3
20	19
20	22	15	19
20	18	16	17	19
440	20	21	4
20	21
20	22	21
20	22	23	24	21
20	19	15	22	21
441	20	22	3
20	22
20	21	22
20	19	15	22
442	20	23	6
20	22	23
20	21	24	23
20	19	15	14	23
20	21	22	23
20	22	21	24	23
20	19	15	22	23
443	20	24	7
20	21	24
20	22	23	24
20	22	21	24
20	18	16	10	11	12	13	24
20	19	15	14	23	24
20	21	22	23	24
20	19	15	22	21	24
444	21	1	8
21	24	13	12	3	1
21	20	18	7	8	6	2	1
21	24	23	14	11	4	3	1
21	22	23	24	13	12	3	1
21	22	15	10	9	5	6	2	1
21	22	15	19	17	16	8	6	2	1
21	22	20	18	7	8	6	2	1
21	24	23	14	11	12	3	1
445	21	4	6
21	24	13	12	3	4
21	24	23	14	11	4
21	22	15	14	11	4
21	22	15	10	9	5	4
21	22	23	14	11	4
21	20	18	7	8	6	5	4
446	21	5	3
21	22	15	10	9	5
21	24	13	12	3	4	5
21	20	18	7	8	6	5
447	21	6	10
21	20	18	7	8	6
21	22	15	10	9	5	6
21	22	15	19	17	16	8	6
21	22	20	18	7	8	6
21	24	13	12	3	1	2	6
21	24	13	12	3	4	5	6
21	20	18	16	8	6
21	20	19	17	16	8	6
21	22	15	19	17	16	18	7	8	6
21	22	15	10	16	8	6
448	21	7	9
21	20	18	7
21	22	15	19	17	16	8	7
21	22	15	19	17	16	18	7
21	22	20	18	7
21	22	15	10	9	8	7
21	20	18	16	8	7
21	22	15	10	16	18	7
21	20	19	17	16	18	7
21	24	23	22	20	18	7
449	21	8	9
21	20	18	7	8
21	22	15	19	17	16	8
21	22	20	18	7	8
21	22	15	10	9	8
21	22	15	19	17	16	18	7	8
21	20	18	16	8
21	22	15	10	16	8
21	20	19	17	16	8
21	24	23	22	20	18	7	8
450	21	9	10
21	22	15	10	9
21	20	18	7	8	9
21	22	15	19	17	16	10	9
21	20	18	16	10	9
21	24	13	12	3	4	5	9
21	20	19	17	16	10	9
21	24	23	22	15	10	9
21	22	20	18	16	10	9
21	24	23	14	11	10	9
21	22	15	19	17	10	9
451	21	10	8
21	22	15	10
21	22	15	19	17	16	10
21	20	18	16	10
21	22	15	19	17	10
21	24	23	14	11	10
21	24	23	22	15	10
21	20	19	17	16	10
21	22	20	18	16	10
452	21	11	6
21	24	23	14	11
21	22	15	10	11
21	22	15	14	11
21	24	13	12	11
21	22	23	14	11
21	20	18	16	10	11
453	21	12	7
21	24	13	12
21	24	23	14	11	12
21	22	23	24	13	12
21	24	23	14	11	4	3	12
21	22	15	10	11	12
21	22	15	14	11	12
21	20	22	23	24	13	12
454	21	13	8
21	24	13
21	24	23	14	11	12	13
21	22	23	24	13
21	24	23	14	11	4	3	12	13
21	22	15	10	11	12	13
21	22	15	14	11	12	13
21	22	15	14	23	24	13
21	20	22	23	24	13
455	21	14	6
21	24	23	14
21	22	15	14
21	22	15	10	11	14
21	22	23	14
21	20	19	15	14
21	24	23	22	15	14
456	21	15	5
21	22	15
21	20	19	15
21	24	23	22	15
21	24	23	14	15
21	22	20	19	15
457	21	16	6
21	22	15	19	17	16
21	20	18	16
21	22	15	10	16
21	20	19	17	16
21	22	20	18	16
21	24	23	22	15	19	17	16
458	21	17	8
21	22	15	19	17
21	20	18	16	17
21	20	19	17
21	22	15	10	17
21	22	15	10	16	17
21	22	20	18	16	17
21	22	20	19	17
21	24	23	22	15	19	17
459	21	18	7
21	20	18
21	22	15	19	17	16	18
21	22	20	18
21	22	15	19	17	16	8	7	18
21	22	15	10	16	18
21	20	19	17	16	18
21	24	23	22	20	18
460	21	19	5
21	22	15	19
21	20	19
21	20	18	16	17	19
21	24	23	22	15	19
21	22	20	19
461	21	20	4
21	20
21	22	20
21	22	15	19	20
21	24	23	22	20
462	21	22	3
21	22
21	24	23	22
21	20	22
463	21	23	4
21	24	23
21	22	23
21	22	15	14	23
21	20	22	23
464	21	24	5
21	24
21	22	23	24
21	22	15	14	11	12	13	24
21	22	15	14	23	24
21	20	22	23	24
465	22	1	9
22	21	24	13	12	3	1
22	20	18	7	8	6	2	1
22	15	14	11	4	3	1
22	23	24	13	12	3	1
22	15	10	9	5	6	2	1
22	15	19	17	16	8	6	2	1
22	15	14	11	12	3	1
22	15	10	9	5	4	3	1
22	23	14	11	4	3	1
466	22	2	11
22	20	18	7	8	6	2
22	21	24	13	12	3	1	2
22	15	10	9	5	6	2
22	15	19	17	16	8	6	2
22	15	14	11	4	3	1	2
22	23	24	13	12	3	1	2
22	20	18	16	8	6	2
22	20	19	17	16	8	6	2
22	21	20	18	7	8	6	2
22	15	19	17	16	18	7	8	6	2
22	15	10	16	8	6	2
467	22	3	7
22	21	24	13	12	3
22	15	14	11	4	3
22	23	24	13	12	3
22	20	18	7	8	6	2	1	3
22	15	14	11	12	3
22	15	10	9	5	4	3
22	23	14	11	4	3
468	22	4	5
22	15	14	11	4
22	15	10	9	5	4
22	23	14	11	4
22	21	24	13	12	3	4
22	15	10	11	4
469	22	5	4
22	15	10	9	5
22	15	14	11	4	5
22	23	14	11	4	5
22	20	18	7	8	6	5
470	22	6	11
22	20	18	7	8	6
22	15	10	9	5	6
22	15	19	17	16	8	6
22	21	24	13	12	3	1	2	6
22	15	14	11	4	5	6
22	23	14	11	4	5	6
22	20	18	16	8	6
22	20	19	17	16	8	6
22	21	20	18	7	8	6
22	15	19	17	16	18	7	8	6
22	15	10	16	8	6
471	22	7	8
22	20	18	7
22	15	19	17	16	8	7
22	15	19	17	16	18	7
22	21	20	18	7
22	15	10	9	8	7
22	20	18	16	8	7
22	15	10	16	18	7
22	20	19	17	16	18	7
472	22	8	8
22	20	18	7	8
22	15	19	17	16	8
22	15	10	9	8
22	15	19	17	16	18	7	8
22	21	20	18	7	8
22	20	18	16	8
22	15	10	16	8
22	20	19	17	16	8
473	22	9	8
22	15	10	9
22	20	18	7	8	9
22	15	19	17	16	10	9
22	20	18	16	10	9
22	15	14	11	4	5	9
22	15	19	17	16	8	9
22	23	14	11	10	9
22	15	19	17	10	9
474	22	10	5
22	15	10
22	15	19	17	16	10
22	20	18	16	10
22	15	19	17	10
22	23	14	11	10
475	22	11	5
22	15	14	11
22	15	10	11
22	23	14	11
22	21	24	13	12	11
22	21	24	23	14	11
476	22	12	6
22	21	24	13	12
22	15	14	11	12
22	23	24	13	12
22	15	14	11	4	3	12
22	15	10	11	12
22	23	14	11	12
477	22	13	8
22	21	24	13
22	15	14	11	12	13
22	23	24	13
22	15	14	11	4	3	12	13
22	15	10	11	12	13
22	23	14	11	12	13
22	20	21	24	13
22	15	14	23	24	13
478	22	14	5
22	15	14
22	23	14
22	15	10	11	14
22	20	19	15	14
22	21	24	23	14
479	22	15	3
22	15
22	20	19	15
22	23	14	15
480	22	16	5
22	15	19	17	16
22	20	18	16
22	15	10	16
22	20	19	17	16
22	21	20	18	16
481	22	17	6
22	15	19	17
22	20	18	16	17
22	20	19	17
22	15	10	17
22	15	10	16	17
22	21	20	19	17
482	22	18	6
22	20	18
22	15	19	17	16	18
22	21	20	18
22	15	19	17	16	8	7	18
22	15	10	16	18
22	20	19	17	16	18
483	22	19	5
22	15	19
22	20	19
22	20	18	16	17	19
22	23	14	15	19
22	21	20	19
484	22	20	3
22	20
22	21	20
22	15	19	20
485	22	21	3
22	21
22	23	24	21
22	20	21
486	22	23	3
22	23
22	21	24	23
22	15	14	23
487	22	24	5
22	21	24
22	23	24
22	15	14	11	12	13	24
22	20	21	24
22	15	14	23	24
488	23	1	10
23	24	13	12	3	1
23	14	11	4	5	6	2	1
23	14	11	4	3	1
23	22	20	18	7	8	6	2	1
23	14	11	10	9	5	4	3	1
23	14	11	12	3	1
23	24	13	12	11	4	3	1
23	22	15	10	9	5	4	3	1
23	22	21	24	13	12	3	1
23	22	15	14	11	4	3	1
489	23	3	9
23	24	13	12	3
23	14	11	4	3
23	14	11	4	5	6	2	1	3
23	14	11	12	3
23	14	11	10	9	5	4	3
23	24	13	12	11	4	3
23	22	15	10	9	5	4	3
23	22	21	24	13	12	3
23	22	15	14	11	4	3
490	23	4	7
23	14	11	4
23	24	13	12	3	4
23	14	11	10	9	5	4
23	24	13	12	11	4
23	14	11	12	3	4
23	22	15	10	9	5	4
23	22	15	14	11	4
491	23	5	5
23	14	11	4	5
23	14	11	10	9	5
23	24	13	12	3	4	5
23	22	20	18	7	8	6	5
23	22	15	10	9	5
492	23	6	7
23	14	11	4	5	6
23	22	20	18	7	8	6
23	24	13	12	3	1	2	6
23	14	11	10	9	5	6
23	24	13	12	3	4	5	6
23	22	15	19	17	16	8	6
23	24	21	20	18	7	8	6
493	23	7	11
23	22	20	18	7
23	22	15	19	17	16	8	7
23	22	15	19	17	16	18	7
23	24	21	20	18	7
23	14	11	4	5	6	8	7
23	22	20	18	16	8	7
23	14	11	10	16	18	7
23	14	15	19	17	16	18	7
23	14	15	19	17	16	8	7
23	24	21	22	20	18	7
23	22	21	20	18	7
494	23	8	7
23	22	20	18	7	8
23	22	15	19	17	16	8
23	24	21	20	18	7	8
23	14	11	4	5	6	8
23	22	20	18	16	8
23	14	11	10	16	8
23	14	15	19	17	16	8
495	23	9	9
23	14	11	10	9
23	14	11	4	5	9
23	22	15	10	9
23	22	20	18	7	8	9
23	24	13	12	3	4	5	9
23	22	15	19	17	16	10	9
23	14	15	10	9
23	22	20	18	16	10	9
23	24	21	22	15	10	9
496	23	10	6
23	14	11	10
23	22	15	10
23	22	15	19	17	16	10
23	14	15	10
23	22	20	18	16	10
23	24	21	22	15	10
497	23	11	4
23	14	11
23	24	13	12	11
23	22	15	10	11
23	22	15	14	11
498	23	12	6
23	24	13	12
23	14	11	12
23	14	11	4	3	12
23	22	21	24	13	12
23	22	15	10	11	12
23	22	15	14	11	12
499	23	13	6
23	24	13
23	14	11	12	13
23	22	21	24	13
23	14	11	4	3	12	13
23	22	15	10	11	12	13
23	22	15	14	11	12	13
500	23	14	4
23	14
23	22	15	14
23	24	13	12	11	14
23	24	21	22	15	14
501	23	15	4
23	22	15
23	14	15
23	22	20	19	15
23	24	21	22	15
502	23	16	5
23	22	15	19	17	16
23	22	20	18	16
23	14	15	19	17	16
23	14	11	10	16
23	24	21	22	15	19	17	16
503	23	17	8
23	22	15	19	17
23	22	20	18	16	17
23	22	20	19	17
23	14	15	19	17
23	14	11	10	17
23	14	11	10	16	17
23	24	21	20	19	17
23	24	21	22	15	19	17
504	23	18	8
23	22	20	18
23	22	15	19	17	16	18
23	24	21	20	18
23	22	15	19	17	16	8	7	18
23	14	11	10	16	18
23	14	15	19	17	16	18
23	24	21	22	20	18
23	22	21	20	18
505	23	19	6
23	22	15	19
23	22	20	19
23	14	15	19
23	22	20	18	16	17	19
23	24	21	20	19
23	24	21	22	15	19
506	23	20	6
23	22	20
23	24	21	20
23	22	15	19	20
23	24	21	22	20
23	22	21	20
23	14	15	19	20
507	23	21	4
23	24	21
23	22	21
23	22	20	21
23	14	15	22	21
508	23	22	3
23	22
23	24	21	22
23	14	15	22
509	23	24	5
23	24
23	22	21	24
23	14	11	12	13	24
23	22	20	21	24
23	14	15	22	21	24
510	24	1	6
24	13	12	3	1
24	21	20	18	7	8	6	2	1
24	23	14	11	4	3	1
24	13	12	3	4	5	6	2	1
24	23	14	11	12	3	1
24	13	12	11	4	3	1
511	24	4	6
24	13	12	3	4
24	23	14	11	4
24	21	22	15	10	9	5	4
24	23	14	11	12	3	4
24	13	12	11	4
24	21	22	15	14	11	4
512	24	6	7
24	21	20	18	7	8	6
24	13	12	3	4	5	6
24	13	12	3	1	2	6
24	21	22	15	19	17	16	8	6
24	21	22	20	18	7	8	6
24	23	22	20	18	7	8	6
24	23	14	11	4	5	6
513	24	7	13
24	21	20	18	7
24	21	22	15	19	17	16	8	7
24	21	22	15	19	17	16	18	7
24	21	22	20	18	7
24	23	22	20	18	7
24	13	12	3	4	5	6	8	7
24	21	20	18	16	8	7
24	21	22	15	10	16	18	7
24	21	20	19	17	16	18	7
24	23	22	15	19	17	16	18	7
24	23	22	15	19	17	16	8	7
24	23	22	21	20	18	7
24	23	14	15	19	17	16	18	7
514	24	8	10
24	21	20	18	7	8
24	21	22	15	19	17	16	8
24	21	22	20	18	7	8
24	23	22	20	18	7	8
24	13	12	3	4	5	6	8
24	21	20	18	16	8
24	21	22	15	10	16	8
24	21	20	19	17	16	8
24	23	22	15	19	17	16	8
24	23	14	15	19	17	16	8
515	24	9	8
24	21	22	15	10	9
24	13	12	3	4	5	9
24	23	14	11	10	9
24	21	20	18	7	8	9
24	23	14	11	4	5	9
24	23	14	15	10	9
24	23	22	15	10	9
24	13	12	11	10	9
516	24	10	6
24	21	22	15	10
24	23	14	11	10
24	21	22	15	19	17	16	10
24	23	14	15	10
24	23	22	15	10
24	13	12	11	10
517	24	11	4
24	23	14	11
24	13	12	11
24	21	22	15	10	11
24	21	22	15	14	11
518	24	12	5
24	13	12
24	23	14	11	12
24	23	14	11	4	3	12
24	21	22	15	10	11	12
24	21	22	15	14	11	12
519	24	13	5
24	13
24	23	14	11	12	13
24	23	14	11	4	3	12	13
24	21	22	15	10	11	12	13
24	21	22	15	14	11	12	13
520	24	14	5
24	23	14
24	21	22	15	14
24	13	12	11	14
24	21	22	23	14
24	23	22	15	14
521	24	15	5
24	21	22	15
24	23	14	15
24	23	22	15
24	21	20	19	15
24	13	12	11	14	15
522	24	16	9
24	21	22	15	19	17	16
24	21	20	18	16
24	23	22	15	19	17	16
24	21	22	15	10	16
24	21	20	19	17	16
24	21	22	20	18	16
24	23	22	20	18	16
24	23	14	15	19	17	16
24	13	12	11	10	16
523	24	17	12
24	21	22	15	19	17
24	21	20	18	16	17
24	21	20	19	17
24	23	22	15	19	17
24	21	22	15	10	17
24	21	22	15	10	16	17
24	21	22	20	18	16	17
24	21	22	20	19	17
24	23	22	20	18	16	17
24	23	22	20	19	17
24	23	14	15	19	17
24	13	12	11	10	16	17
524	24	19	8
24	21	22	15	19
24	21	20	19
24	23	22	15	19
24	21	20	18	16	17	19
24	23	14	15	19
24	21	22	20	19
24	23	22	20	19
24	13	12	11	14	15	19
525	24	20	7
24	21	20
24	21	22	20
24	23	22	20
24	21	22	15	19	20
24	23	22	21	20
24	23	14	15	19	20
24	13	12	11	14	15	19	20
526	24	21	5
24	21
24	23	22	21
24	23	22	20	21
24	23	14	15	22	21
24	13	12	11	14	15	22	21
527	24	22	5
24	21	22
24	23	22
24	21	20	22
24	23	14	15	22
24	13	12	11	14	15	22
528	24	23	5
24	23
24	21	22	23
24	21	22	15	14	23
24	21	20	22	23
24	13	12	11	14	23
